1:ItNr	2:Metric	3a:Time	3b:StepSize	4:||Gradient||	Time[ms]
0	0.009192	0.000000	0.189085	0.376680	304.3
1	0.005970	0.000000	0.189085	0.372863	23.5
2	0.008400	1.000000	0.180491	0.410250	23.4
3	0.007529	2.000000	0.172643	0.442728	23.3
4	0.009376	3.000000	0.165450	0.428272	22.7
5	0.005295	4.000000	0.158832	0.364410	23.8
6	0.004592	5.000000	0.152723	0.303803	23.2
7	0.001918	6.000000	0.147066	0.217343	22.8
8	0.001204	7.000000	0.141814	0.157656	24.1
9	0.000381	8.000000	0.136924	0.094826	23.1
10	0.000161	9.000000	0.132360	0.057843	22.8
11	0.000038	10.000000	0.128090	0.028353	23.5
12	0.000009	11.000000	0.124087	0.013193	23.7
13	0.000002	12.000000	0.120327	0.006881	23.5
14	0.000000	13.000000	0.116788	0.003634	23.2
15	0.000000	14.000000	0.113451	0.001828	23.0
16	0.000000	15.000000	0.110300	0.000718	23.3
17	0.000000	16.000000	0.107319	0.000287	23.6
18	0.000000	17.000000	0.104495	0.000118	22.8
19	0.000000	18.000000	0.101815	0.000026	23.9
20	0.000000	19.000000	0.099270	0.000008	23.4
21	0.000000	18.990000	0.099295	0.000003	23.3
22	0.000000	18.980000	0.099319	0.000002	24.1
23	0.000000	18.970000	0.099344	0.000001	23.3
24	0.000000	18.960000	0.099369	0.000001	23.7
25	0.000000	18.950000	0.099394	0.000000	23.9
26	0.000000	18.940000	0.099419	0.000000	23.7
27	0.000000	18.930001	0.099444	0.000000	24.0
28	0.000000	18.920204	0.099468	0.000000	23.4
29	0.000000	18.912314	0.099488	0.000000	23.6
30	0.000000	18.907686	0.099499	0.000000	23.1
31	0.000000	18.905487	0.099505	0.000000	23.5
32	0.000000	18.904542	0.099507	0.000000	24.0
33	0.000000	18.904153	0.099508	0.000000	23.3
34	0.000000	18.903995	0.099509	0.000000	23.8
35	0.000000	18.903932	0.099509	0.000000	23.8
36	0.000000	18.903906	0.099509	0.000000	23.6
37	0.000000	18.903896	0.099509	0.000000	25.9
38	0.000000	18.903892	0.099509	0.000000	24.3
39	0.000000	18.903891	0.099509	0.000000	23.2
40	0.000000	18.903890	0.099509	0.000000	23.3
41	0.000000	18.903890	0.099509	0.000000	25.2
42	0.000000	18.903890	0.099509	0.000000	24.2
43	0.000000	18.903890	0.099509	0.000000	23.2
44	0.000000	18.903889	0.099509	0.000000	23.3
45	0.000000	18.903889	0.099509	0.000000	23.2
46	0.000000	18.903889	0.099509	0.000000	23.9
47	0.000000	18.903889	0.099509	0.000000	22.8
48	0.000000	18.903889	0.099509	0.000000	22.7
49	0.000000	18.903889	0.099509	0.000000	24.0
50	0.000000	18.903889	0.099509	0.000000	23.6
51	0.000000	18.903889	0.099509	0.000000	23.6
52	0.000000	18.903889	0.099509	0.000000	23.4
53	0.000000	18.903889	0.099509	0.000000	26.3
54	0.000000	18.903889	0.099509	0.000000	25.4
55	0.000000	18.903889	0.099509	0.000000	24.0
56	0.000000	18.903889	0.099509	0.000000	29.5
57	0.000000	18.903889	0.099509	0.000000	25.4
58	0.000000	18.903889	0.099509	0.000000	23.4
59	0.000000	18.903889	0.099509	0.000000	24.1
60	0.000000	18.903889	0.099509	0.000000	25.0
61	0.000000	18.903889	0.099509	0.000000	24.5
62	0.000000	18.903889	0.099509	0.000000	23.9
63	0.000000	18.903889	0.099509	0.000000	23.3
64	0.000000	18.903889	0.099509	0.000000	25.1
65	0.000000	18.903889	0.099509	0.000000	22.9
66	0.000000	18.903889	0.099509	0.000000	22.9
67	0.000000	18.903889	0.099509	0.000000	24.1
68	0.000000	18.903889	0.099509	0.000000	24.0
69	0.000000	18.903889	0.099509	0.000000	23.8
70	0.000000	18.903889	0.099509	0.000000	24.1
71	0.000000	18.903889	0.099509	0.000000	23.7
72	0.000000	18.903889	0.099509	0.000000	23.3
73	0.000000	18.903889	0.099509	0.000000	23.3
74	0.000000	18.903889	0.099509	0.000000	23.2
75	0.000000	18.903889	0.099509	0.000000	23.5
76	0.000000	18.903889	0.099509	0.000000	23.2
77	0.000000	18.903889	0.099509	0.000000	23.4
78	0.000000	18.903889	0.099509	0.000000	23.5
79	0.000000	18.903889	0.099509	0.000000	23.0
80	0.000000	18.903889	0.099509	0.000000	22.8
81	0.000000	18.903889	0.099509	0.000000	23.6
82	0.000000	18.903889	0.099509	0.000000	23.1
83	0.000000	18.903889	0.099509	0.000000	23.9
84	0.000000	18.903889	0.099509	0.000000	23.2
85	0.000000	18.903889	0.099509	0.000000	23.6
86	0.000000	18.903889	0.099509	0.000000	24.0
87	0.000000	18.903889	0.099509	0.000000	23.5
88	0.000000	18.903889	0.099509	0.000000	24.4
89	0.000000	18.903889	0.099509	0.000000	23.6
90	0.000000	18.903889	0.099509	0.000000	24.3
91	0.000000	18.903889	0.099509	0.000000	24.2
92	0.000000	18.903889	0.099509	0.000000	24.2
93	0.000000	18.903889	0.099509	0.000000	23.6
94	0.000000	18.903889	0.099509	0.000000	24.2
95	0.000000	18.903889	0.099509	0.000000	23.1
96	0.000000	18.903889	0.099509	0.000000	24.1
97	0.000000	18.903889	0.099509	0.000000	23.6
98	0.000000	18.903889	0.099509	0.000000	22.9
99	0.000000	18.903889	0.099509	0.000000	24.0
100	0.000000	18.903889	0.099509	0.000000	23.3
101	0.000000	18.903889	0.099509	0.000000	23.0
102	0.000000	18.903889	0.099509	0.000000	24.1
103	0.000000	18.903889	0.099509	0.000000	23.2
104	0.000000	18.903889	0.099509	0.000000	23.9
105	0.000000	18.903889	0.099509	0.000000	25.0
106	0.000000	18.903889	0.099509	0.000000	30.0
107	0.000000	18.903889	0.099509	0.000000	24.0
108	0.000000	18.903889	0.099509	0.000000	23.6
109	0.000000	18.903889	0.099509	0.000000	23.1
110	0.000000	18.903889	0.099509	0.000000	23.1
111	0.000000	18.903889	0.099509	0.000000	23.0
112	0.000000	18.903889	0.099509	0.000000	23.7
113	0.000000	18.903889	0.099509	0.000000	23.3
114	0.000000	18.903889	0.099509	0.000000	23.1
115	0.000000	18.903889	0.099509	0.000000	23.3
116	0.000000	18.903889	0.099509	0.000000	23.7
117	0.000000	18.903889	0.099509	0.000000	22.9
118	0.000000	18.903889	0.099509	0.000000	24.9
119	0.000000	18.903889	0.099509	0.000000	23.3
120	0.000000	18.903889	0.099509	0.000000	23.7
121	0.000000	18.903889	0.099509	0.000000	23.5
122	0.000000	18.903889	0.099509	0.000000	23.8
123	0.000000	18.903889	0.099509	0.000000	24.0
124	0.000000	18.903889	0.099509	0.000000	23.3
125	0.000000	18.903889	0.099509	0.000000	23.3
126	0.000000	18.903889	0.099509	0.000000	23.6
127	0.000000	18.903889	0.099509	0.000000	23.1
128	0.000000	18.903889	0.099509	0.000000	23.4
129	0.000000	18.903889	0.099509	0.000000	23.7
130	0.000000	18.903889	0.099509	0.000000	23.4
131	0.000000	18.903889	0.099509	0.000000	23.3
132	0.000000	18.903889	0.099509	0.000000	23.7
133	0.000000	18.903889	0.099509	0.000000	23.9
134	0.000000	18.903889	0.099509	0.000000	24.0
135	0.000000	18.903889	0.099509	0.000000	23.7
136	0.000000	18.903889	0.099509	0.000000	23.8
137	0.000000	18.903889	0.099509	0.000000	24.2
138	0.000000	18.903889	0.099509	0.000000	24.1
139	0.000000	18.903889	0.099509	0.000000	23.3
140	0.000000	18.903889	0.099509	0.000000	24.5
141	0.000000	18.903889	0.099509	0.000000	23.8
142	0.000000	18.903889	0.099509	0.000000	25.0
143	0.000000	18.903889	0.099509	0.000000	23.4
144	0.000000	18.903889	0.099509	0.000000	23.9
145	0.000000	18.903889	0.099509	0.000000	23.7
146	0.000000	18.903889	0.099509	0.000000	23.0
147	0.000000	18.903889	0.099509	0.000000	28.2
148	0.000000	18.903889	0.099509	0.000000	27.2
149	0.000000	18.903889	0.099509	0.000000	23.5
150	0.000000	18.903889	0.099509	0.000000	23.7
151	0.000000	18.903889	0.099509	0.000000	26.9
152	0.000000	18.903889	0.099509	0.000000	28.8
153	0.000000	18.903889	0.099509	0.000000	28.9
154	0.000000	18.903889	0.099509	0.000000	25.0
155	0.000000	18.903889	0.099509	0.000000	26.4
156	0.000000	18.903889	0.099509	0.000000	24.8
157	0.000000	18.903889	0.099509	0.000000	23.9
158	0.000000	18.903889	0.099509	0.000000	23.7
159	0.000000	18.903889	0.099509	0.000000	23.3
160	0.000000	18.903889	0.099509	0.000000	24.6
161	0.000000	18.903889	0.099509	0.000000	23.0
162	0.000000	18.903889	0.099509	0.000000	22.8
163	0.000000	18.903889	0.099509	0.000000	24.1
164	0.000000	18.903889	0.099509	0.000000	23.6
165	0.000000	18.903889	0.099509	0.000000	24.0
166	0.000000	18.903889	0.099509	0.000000	23.1
167	0.000000	18.903889	0.099509	0.000000	23.1
168	0.000000	18.903889	0.099509	0.000000	24.4
169	0.000000	18.903889	0.099509	0.000000	23.3
170	0.000000	18.903889	0.099509	0.000000	23.2
171	0.000000	18.903889	0.099509	0.000000	23.5
172	0.000000	18.903889	0.099509	0.000000	23.5
173	0.000000	18.903889	0.099509	0.000000	23.4
174	0.000000	18.903889	0.099509	0.000000	23.7
175	0.000000	18.903889	0.099509	0.000000	22.9
176	0.000000	18.903889	0.099509	0.000000	23.1
177	0.000000	18.903889	0.099509	0.000000	23.6
178	0.000000	18.903889	0.099509	0.000000	23.0
179	0.000000	18.903889	0.099509	0.000000	23.9
180	0.000000	18.903889	0.099509	0.000000	23.5
181	0.000000	18.903889	0.099509	0.000000	26.2
182	0.000000	18.903889	0.099509	0.000000	29.3
183	0.000000	18.903889	0.099509	0.000000	28.1
184	0.000000	18.903889	0.099509	0.000000	26.0
185	0.000000	18.903889	0.099509	0.000000	23.4
186	0.000000	18.903889	0.099509	0.000000	23.5
187	0.000000	18.903889	0.099509	0.000000	23.8
188	0.000000	18.903889	0.099509	0.000000	23.1
189	0.000000	18.903889	0.099509	0.000000	24.8
190	0.000000	18.903889	0.099509	0.000000	22.8
191	0.000000	18.903889	0.099509	0.000000	23.9
192	0.000000	18.903889	0.099509	0.000000	25.9
193	0.000000	18.903889	0.099509	0.000000	26.8
194	0.000000	18.903889	0.099509	0.000000	29.6
195	0.000000	18.903889	0.099509	0.000000	23.3
196	0.000000	18.903889	0.099509	0.000000	24.7
197	0.000000	18.903889	0.099509	0.000000	23.9
198	0.000000	18.903889	0.099509	0.000000	23.3
199	0.000000	18.903889	0.099509	0.000000	24.2
200	0.000000	18.903889	0.099509	0.000000	23.5
201	0.000000	18.903889	0.099509	0.000000	23.0
202	0.000000	18.903889	0.099509	0.000000	24.4
203	0.000000	18.903889	0.099509	0.000000	23.3
204	0.000000	18.903889	0.099509	0.000000	23.3
205	0.000000	18.903889	0.099509	0.000000	23.3
206	0.000000	18.903889	0.099509	0.000000	23.2
207	0.000000	18.903889	0.099509	0.000000	23.3
208	0.000000	18.903889	0.099509	0.000000	23.4
209	0.000000	18.903889	0.099509	0.000000	23.4
210	0.000000	18.903889	0.099509	0.000000	23.8
211	0.000000	18.903889	0.099509	0.000000	22.8
212	0.000000	18.903889	0.099509	0.000000	23.4
213	0.000000	18.903889	0.099509	0.000000	24.4
214	0.000000	18.903889	0.099509	0.000000	23.1
215	0.000000	18.903889	0.099509	0.000000	23.4
216	0.000000	18.903889	0.099509	0.000000	23.5
217	0.000000	18.903889	0.099509	0.000000	23.0
218	0.000000	18.903889	0.099509	0.000000	24.1
219	0.000000	18.903889	0.099509	0.000000	23.6
220	0.000000	18.903889	0.099509	0.000000	22.9
221	0.000000	18.903889	0.099509	0.000000	24.3
222	0.000000	18.903889	0.099509	0.000000	23.0
223	0.000000	18.903889	0.099509	0.000000	23.1
224	0.000000	18.903889	0.099509	0.000000	23.3
225	0.000000	18.903889	0.099509	0.000000	23.1
226	0.000000	18.903889	0.099509	0.000000	24.0
227	0.000000	18.903889	0.099509	0.000000	23.5
228	0.000000	18.903889	0.099509	0.000000	23.2
229	0.000000	18.903889	0.099509	0.000000	24.6
230	0.000000	18.903889	0.099509	0.000000	23.3
231	0.000000	18.903889	0.099509	0.000000	23.7
232	0.000000	18.903889	0.099509	0.000000	23.7
233	0.000000	18.903889	0.099509	0.000000	23.0
234	0.000000	18.903889	0.099509	0.000000	23.4
235	0.000000	18.903889	0.099509	0.000000	23.3
236	0.000000	18.903889	0.099509	0.000000	23.1
237	0.000000	18.903889	0.099509	0.000000	23.2
238	0.000000	18.903889	0.099509	0.000000	30.6
239	0.000000	18.903889	0.099509	0.000000	25.4
240	0.000000	18.903889	0.099509	0.000000	23.3
241	0.000000	18.903889	0.099509	0.000000	23.3
242	0.000000	18.903889	0.099509	0.000000	23.6
243	0.000000	18.903889	0.099509	0.000000	23.5
244	0.000000	18.903889	0.099509	0.000000	23.8
245	0.000000	18.903889	0.099509	0.000000	23.8
246	0.000000	18.903889	0.099509	0.000000	23.8
247	0.000000	18.903889	0.099509	0.000000	23.9
248	0.000000	18.903889	0.099509	0.000000	23.8
249	0.000000	18.903889	0.099509	0.000000	23.3
250	0.000000	18.903889	0.099509	0.000000	24.8
251	0.000000	18.903889	0.099509	0.000000	23.6
252	0.000000	18.903889	0.099509	0.000000	23.1
253	0.000000	18.903889	0.099509	0.000000	24.0
254	0.000000	18.903889	0.099509	0.000000	23.5
255	0.000000	18.903889	0.099509	0.000000	22.8
