1:ItNr	2:Metric	3a:Time	3b:StepSize	4:||Gradient||	Time[ms]
0	13.784390	0.000000	0.080559	5.362189	30.7
1	13.509019	0.000000	0.080559	4.619219	5.9
2	12.114800	0.000000	0.080559	4.430112	6.9
3	10.251836	0.000000	0.080559	6.294540	5.9
4	7.345050	0.000000	0.080559	4.925453	6.4
5	5.682241	0.000000	0.080559	3.371338	5.7
6	4.945754	0.000000	0.080559	2.076616	5.8
7	4.652080	0.000000	0.080559	1.510546	6.5
8	4.486817	0.000000	0.080559	1.249326	5.0
9	4.359617	0.000000	0.080559	1.125250	5.4
10	4.258091	0.000000	0.080559	1.062178	6.2
11	4.165730	0.000000	0.080559	1.009344	4.9
12	4.084157	0.000000	0.080559	0.981424	5.4
13	4.006540	0.000000	0.080559	0.945985	5.8
14	3.934280	0.000000	0.080559	0.922774	4.7
15	3.863929	0.000000	0.080559	0.895461	6.2
16	3.797672	0.000000	0.080559	0.873609	6.3
17	3.734396	0.000000	0.080559	0.856413	5.9
18	3.675171	0.000000	0.080559	0.831588	6.5
19	3.616956	0.000000	0.080559	0.817131	7.4
20	3.559856	0.000000	0.080559	0.797760	5.6
21	3.507358	0.000000	0.080559	0.779447	5.4
22	3.456886	0.000000	0.080559	0.768943	5.1
23	3.407672	0.000000	0.080559	0.760127	5.6
24	3.359528	0.000000	0.080559	0.746146	5.3
25	3.312659	0.000000	0.080559	0.731922	5.4
26	3.268005	0.000000	0.080559	0.724152	5.7
27	3.223553	0.000000	0.080559	0.707357	5.4
28	3.181562	0.000000	0.080559	0.696997	6.2
29	3.141200	0.000000	0.080559	0.682803	5.5
30	3.103122	0.000000	0.080559	0.669742	5.4
31	3.065004	0.000000	0.080559	0.658450	5.0
32	3.028993	0.000000	0.080559	0.644332	5.5
33	2.994398	0.000000	0.080559	0.633149	5.1
34	2.960763	0.000000	0.080559	0.624490	5.5
35	2.928208	0.000000	0.080559	0.620113	5.3
36	2.895731	0.000000	0.080559	0.611190	5.0
37	2.864320	0.000000	0.080559	0.603908	5.7
38	2.833637	0.000000	0.080559	0.592707	5.5
39	2.804078	0.000000	0.080559	0.586079	5.3
40	2.775123	0.000000	0.080559	0.574311	6.7
41	2.747381	0.000000	0.080559	0.565758	5.8
42	2.720213	0.000000	0.080559	0.564778	7.6
43	2.693738	0.000000	0.080559	0.556427	5.9
44	2.667428	0.000000	0.080559	0.552295	5.9
45	2.641827	0.000000	0.080559	0.543790	5.7
46	2.616937	0.000000	0.080559	0.537184	5.1
47	2.592817	0.000000	0.080559	0.528495	5.2
48	2.569514	0.000000	0.080559	0.526200	6.0
49	2.546225	0.000000	0.080559	0.524283	4.9
50	2.523077	0.000000	0.080559	0.516861	5.3
51	2.500628	0.000000	0.080559	0.511848	5.9
52	2.478592	0.000000	0.080559	0.504786	4.9
53	2.457100	0.000000	0.080559	0.497035	5.7
54	2.436052	0.000000	0.080559	0.497671	6.2
55	2.414237	0.000000	0.080559	0.493499	4.9
56	2.393399	0.000000	0.080559	0.491879	5.3
57	2.372985	0.000000	0.080559	0.486729	5.9
58	2.352754	0.000000	0.080559	0.484366	4.8
59	2.333041	0.000000	0.080559	0.483551	5.4
60	2.313514	0.000000	0.080559	0.475674	5.6
61	2.294581	0.000000	0.080559	0.468376	4.8
62	2.276087	0.000000	0.080559	0.462802	5.6
63	2.258185	0.000000	0.080559	0.462391	5.3
64	2.240255	0.000000	0.080559	0.455979	7.3
65	2.222921	0.000000	0.080559	0.449131	6.5
66	2.206048	0.000000	0.080559	0.444397	8.5
67	2.189522	0.000000	0.080559	0.442699	10.2
68	2.173255	0.000000	0.080559	0.436543	7.0
69	2.157072	0.000000	0.080559	0.427979	6.1
70	2.141839	0.000000	0.080559	0.421727	5.3
71	2.121963	0.000000	0.080559	0.415365	5.9
72	2.107668	0.000000	0.080559	0.408302	5.7
73	2.093677	0.000000	0.080559	0.401543	5.4
74	2.080351	0.000000	0.080559	0.397426	5.3
75	2.067153	0.000000	0.080559	0.390827	5.6
76	2.054257	0.000000	0.080559	0.387898	4.8
77	2.041797	0.000000	0.080559	0.383621	5.8
78	2.029483	0.000000	0.080559	0.378823	5.6
79	2.017495	0.000000	0.080559	0.375027	4.9
80	2.005705	0.000000	0.080559	0.372554	5.8
81	1.994137	0.000000	0.080559	0.371091	5.7
82	1.982661	0.000000	0.080559	0.366762	5.2
83	1.971328	0.000000	0.080559	0.361920	5.6
84	1.960361	0.000000	0.080559	0.363254	6.0
85	1.949373	0.000000	0.080559	0.360484	5.6
86	1.938589	0.000000	0.080559	0.358447	5.1
87	1.927617	0.000000	0.080559	0.358630	5.5
88	1.916966	0.000000	0.080559	0.352847	5.5
89	1.905028	0.000000	0.080559	0.360028	4.6
90	1.894430	0.000000	0.080559	0.354532	6.5
91	1.881964	0.000000	0.080559	0.354216	7.0
92	1.871683	0.000000	0.080559	0.351658	5.4
93	1.861399	0.000000	0.080559	0.346951	6.0
94	1.851443	0.000000	0.080559	0.349669	5.6
95	1.841384	0.000000	0.080559	0.342194	5.2
96	1.831583	0.000000	0.080559	0.342802	5.6
97	1.821809	0.000000	0.080559	0.342053	5.8
98	1.812212	0.000000	0.080559	0.335236	5.0
99	1.803049	0.000000	0.080559	0.332950	5.5
100	1.793937	0.000000	0.080559	0.328248	5.6
101	1.785123	0.000000	0.080559	0.324881	4.9
102	1.776373	0.000000	0.080559	0.320925	5.7
103	1.767922	0.000000	0.080559	0.316140	5.8
104	1.759764	0.000000	0.080559	0.311181	4.6
105	1.751847	0.000000	0.080559	0.306734	5.7
106	1.744065	0.000000	0.080559	0.302673	5.8
107	1.736646	0.000000	0.080559	0.297396	4.9
108	1.729282	0.000000	0.080559	0.294237	5.9
109	1.721989	0.000000	0.080559	0.290390	5.5
110	1.715131	0.000000	0.080559	0.289296	4.7
111	1.708326	0.000000	0.080559	0.286326	5.7
112	1.701668	0.000000	0.080559	0.281349	6.9
113	1.695152	0.000000	0.080559	0.276794	6.8
114	1.688287	0.000000	0.080559	0.272071	6.4
115	1.682081	0.000000	0.080559	0.271108	6.8
116	1.673538	0.000000	0.080559	0.269312	7.3
117	1.667657	0.000000	0.080559	0.266226	7.5
118	1.661661	0.000000	0.080559	0.266592	5.5
119	1.655649	0.000000	0.080559	0.262055	5.3
120	1.649861	0.000000	0.080559	0.261569	5.7
121	1.644051	0.000000	0.080559	0.262125	5.8
122	1.638376	0.000000	0.080559	0.258238	5.4
123	1.629428	0.000000	0.080559	0.255465	7.9
124	1.624143	0.000000	0.080559	0.253793	9.9
125	1.619016	0.000000	0.080559	0.252583	7.1
126	1.613636	0.000000	0.080559	0.249607	5.1
127	1.608621	0.000000	0.080559	0.247497	5.0
128	1.603715	0.000000	0.080559	0.244518	6.0
129	1.598877	0.000000	0.080559	0.239769	5.5
130	1.594263	0.000000	0.080559	0.239737	6.0
131	1.589499	0.000000	0.080559	0.234987	5.6
132	1.585062	0.000000	0.080559	0.232485	5.5
133	1.580739	0.000000	0.080559	0.230726	5.6
134	1.576491	0.000000	0.080559	0.228108	5.2
135	1.572292	0.000000	0.080559	0.226809	6.8
136	1.568069	0.000000	0.080559	0.224070	7.8
137	1.564043	0.000000	0.080559	0.221978	36.4
138	1.560100	0.000000	0.080559	0.218518	13.4
139	1.555488	0.000000	0.080559	0.216161	6.2
140	1.551723	0.000000	0.080559	0.216750	8.9
141	1.548035	0.000000	0.080559	0.214398	6.2
142	1.544355	0.000000	0.080559	0.211692	6.2
143	1.540704	0.000000	0.080559	0.210163	6.3
144	1.537277	0.000000	0.080559	0.210134	6.1
145	1.533797	0.000000	0.080559	0.205297	5.9
146	1.530438	0.000000	0.080559	0.202436	5.7
147	1.527217	0.000000	0.080559	0.202945	5.9
148	1.523889	0.000000	0.080559	0.206338	5.1
149	1.520478	0.000000	0.080559	0.206634	6.3
150	1.517140	0.000000	0.080559	0.203872	6.2
151	1.513805	0.000000	0.080559	0.200684	5.9
152	1.510632	0.000000	0.080559	0.199947	5.2
153	1.507384	0.000000	0.080559	0.207405	5.7
154	1.503916	0.000000	0.080559	0.207532	5.5
155	1.500572	0.000000	0.080559	0.206014	5.4
156	1.497230	0.000000	0.080559	0.207266	6.3
157	1.493731	0.000000	0.080559	0.203337	5.4
158	1.490335	0.000000	0.080559	0.200520	4.9
159	1.487155	0.000000	0.080559	0.205933	5.4
160	1.483287	0.000000	0.080559	0.205975	5.6
161	1.479421	0.000000	0.080559	0.208411	5.2
162	1.475961	0.000000	0.080559	0.206874	5.9
163	1.472587	0.000000	0.080559	0.205754	5.5
164	1.468907	0.000000	0.080559	0.202212	4.8
165	1.465237	0.000000	0.080559	0.201300	5.8
166	1.462050	0.000000	0.080559	0.200042	5.5
167	1.458843	0.000000	0.080559	0.199546	5.4
168	1.451598	0.000000	0.080559	0.195228	5.5
169	1.448559	0.000000	0.080559	0.196095	5.5
170	1.445536	0.000000	0.080559	0.192162	4.8
171	1.442681	0.000000	0.080559	0.189022	6.0
172	1.437680	0.000000	0.080559	0.190849	5.1
173	1.434787	0.000000	0.080559	0.187394	5.5
174	1.431806	0.000000	0.080559	0.186349	5.8
175	1.429070	0.000000	0.080559	0.185290	5.7
176	1.426365	0.000000	0.080559	0.183450	4.9
177	1.421582	0.000000	0.080559	0.180829	5.8
178	1.416268	0.000000	0.080559	0.177840	5.3
179	1.413790	0.000000	0.080559	0.175668	5.6
180	1.411361	0.000000	0.080559	0.174662	5.7
181	1.408963	0.000000	0.080559	0.174699	5.1
182	1.406560	0.000000	0.080559	0.172551	5.3
183	1.403894	0.000000	0.080559	0.172688	5.1
184	1.401568	0.000000	0.080559	0.175270	5.8
185	1.398976	0.000000	0.080559	0.171819	4.9
186	1.396640	0.000000	0.080559	0.171938	6.7
187	1.394307	0.000000	0.080559	0.167989	8.2
188	1.392101	0.000000	0.080559	0.165052	8.0
189	1.389981	0.000000	0.080559	0.165845	7.7
190	1.387809	0.000000	0.080559	0.164993	6.7
191	1.385434	0.000000	0.080559	0.162236	9.8
192	1.383044	0.000000	0.080559	0.159145	6.2
193	1.381037	0.000000	0.080559	0.156220	6.2
194	1.379099	0.000000	0.080559	0.153448	5.7
195	1.377325	0.000000	0.080559	0.150599	5.0
196	1.374823	0.000000	0.080559	0.151178	5.1
197	1.373046	0.000000	0.080559	0.150717	5.5
198	1.371234	0.000000	0.080559	0.151212	5.8
199	1.369407	0.000000	0.080559	0.149175	5.3
200	1.367666	0.000000	0.080559	0.146301	5.3
201	1.366067	0.000000	0.080559	0.143983	5.7
202	1.364153	0.000000	0.080559	0.141939	6.0
203	1.362616	0.000000	0.080559	0.140466	5.7
204	1.361079	0.000000	0.080559	0.140123	5.1
205	1.359554	0.000000	0.080559	0.139622	5.4
206	1.358056	0.000000	0.080559	0.139926	5.8
207	1.356590	0.000000	0.080559	0.137332	5.4
208	1.355137	0.000000	0.080559	0.136576	7.0
209	1.353674	0.000000	0.080559	0.141849	6.2
210	1.352116	0.000000	0.080559	0.138439	5.7
211	1.350629	0.000000	0.080559	0.137600	7.1
212	1.349148	0.000000	0.080559	0.143995	7.1
213	1.347537	0.000000	0.080559	0.140748	6.8
214	1.346006	0.000000	0.080559	0.142024	7.1
215	1.344429	0.000000	0.080559	0.139487	8.5
216	1.342923	0.000000	0.080559	0.137943	10.5
217	1.341453	0.000000	0.080559	0.137393	11.3
218	1.339959	0.000000	0.080559	0.137541	7.5
219	1.338495	0.000000	0.080559	0.135136	6.8
220	1.336671	0.000000	0.080559	0.134585	6.4
221	1.335275	0.000000	0.080559	0.131080	6.5
222	1.333938	0.000000	0.080559	0.128768	6.4
223	1.332650	0.000000	0.080559	0.127130	6.5
224	1.331389	0.000000	0.080559	0.126397	6.7
225	1.330163	0.000000	0.080559	0.124479	6.1
226	1.328970	0.000000	0.080559	0.122601	5.1
227	1.327813	0.000000	0.080559	0.120805	4.7
228	1.326687	0.000000	0.080559	0.118346	6.0
229	1.325667	0.000000	0.080559	0.119571	5.2
230	1.324588	0.000000	0.080559	0.117057	5.0
231	1.323553	0.000000	0.080559	0.115386	5.9
232	1.322532	0.000000	0.080559	0.115423	4.8
233	1.321485	0.000000	0.080559	0.113842	5.4
234	1.320487	0.000000	0.080559	0.111486	5.7
235	1.319532	0.000000	0.080559	0.110861	5.1
236	1.318581	0.000000	0.080559	0.108531	4.9
237	1.317688	0.000000	0.080559	0.106270	5.6
238	1.316817	0.000000	0.080559	0.107834	4.9
239	1.315758	0.000000	0.080559	0.106782	5.4
240	1.314909	0.000000	0.080559	0.106626	5.4
241	1.314038	0.000000	0.080559	0.104614	4.7
242	1.313186	0.000000	0.080559	0.103421	5.5
243	1.312356	0.000000	0.080559	0.103406	5.3
244	1.311529	0.000000	0.080559	0.103806	5.2
245	1.310634	0.000000	0.080559	0.101533	5.3
246	1.309758	0.000000	0.080559	0.101120	5.1
247	1.308987	0.000000	0.080559	0.102865	5.5
248	1.307550	0.000000	0.080559	0.104008	5.0
249	1.306705	0.000000	0.080559	0.101318	4.9
250	1.305917	0.000000	0.080559	0.100031	5.6
251	1.305147	0.000000	0.080559	0.095571	5.3
252	1.304443	0.000000	0.080559	0.094683	5.4
253	1.303730	0.000000	0.080559	0.093626	5.5
254	1.303039	0.000000	0.080559	0.091540	4.7
255	1.302349	0.000000	0.080559	0.092865	5.1
256	1.301668	0.000000	0.080559	0.095038	5.4
257	1.301028	0.000000	0.080559	0.093461	5.0
258	1.300377	0.000000	0.080559	0.092550	5.2
259	1.299738	0.000000	0.080559	0.091864	5.4
260	1.299105	0.000000	0.080559	0.091914	4.8
261	1.298486	0.000000	0.080559	0.091066	5.2
262	1.297859	0.000000	0.080559	0.090122	4.9
263	1.297233	0.000000	0.080559	0.089225	5.8
264	1.296635	0.000000	0.080559	0.088217	5.1
265	1.295974	0.000000	0.080559	0.088248	5.2
266	1.295387	0.000000	0.080559	0.086625	5.6
267	1.294810	0.000000	0.080559	0.085272	5.0
268	1.294234	0.000000	0.080559	0.083594	5.3
269	1.293703	0.000000	0.080559	0.082294	5.5
270	1.293220	0.000000	0.080559	0.081570	4.9
271	1.292705	0.000000	0.080559	0.083785	5.2
272	1.292138	0.000000	0.080559	0.085803	5.4
273	1.291568	0.000000	0.080559	0.086712	5.0
274	1.291008	0.000000	0.080559	0.085482	5.2
275	1.290410	0.000000	0.080559	0.085732	5.6
276	1.289857	0.000000	0.080559	0.084807	4.7
277	1.289295	0.000000	0.080559	0.084896	5.5
278	1.288746	0.000000	0.080559	0.083739	5.0
279	1.288167	0.000000	0.080559	0.083818	5.3
280	1.287602	0.000000	0.080559	0.082577	5.3
281	1.287069	0.000000	0.080559	0.080974	4.8
282	1.286571	0.000000	0.080559	0.080809	5.5
283	1.286088	0.000000	0.080559	0.079689	5.1
284	1.285593	0.000000	0.080559	0.081970	5.1
285	1.285040	0.000000	0.080559	0.080684	5.5
286	1.284518	0.000000	0.080559	0.079287	5.0
287	1.284016	0.000000	0.080559	0.077996	5.1
288	1.283564	0.000000	0.080559	0.078846	5.5
289	1.283088	0.000000	0.080559	0.080281	4.6
290	1.282599	0.000000	0.080559	0.079215	5.6
291	1.281974	0.000000	0.080559	0.082166	6.7
292	1.281293	0.000000	0.080559	0.082699	4.9
293	1.280758	0.000000	0.080559	0.083466	5.1
294	1.280211	0.000000	0.080559	0.083682	5.5
295	1.279657	0.000000	0.080559	0.083470	4.9
296	1.279096	0.000000	0.080559	0.084063	5.2
297	1.278542	0.000000	0.080559	0.082758	5.4
298	1.277944	0.000000	0.080559	0.081438	4.9
299	1.277370	0.000000	0.080559	0.080331	5.1
300	1.276854	0.000000	0.080559	0.078784	4.8
301	1.276361	0.000000	0.080559	0.078307	5.5
302	1.275856	0.000000	0.080559	0.077381	5.0
303	1.275365	0.000000	0.080559	0.078151	5.0
304	1.274875	0.000000	0.080559	0.076670	5.4
305	1.274394	0.000000	0.080559	0.076778	5.0
306	1.273961	0.000000	0.080559	0.076404	5.0
307	1.272453	0.000000	0.080559	0.080086	5.4
308	1.271908	0.000000	0.080559	0.078752	5.0
309	1.271397	0.000000	0.080559	0.081707	5.5
310	1.270880	0.000000	0.080559	0.081151	5.7
311	1.270359	0.000000	0.080559	0.081047	5.1
312	1.269859	0.000000	0.080559	0.079889	5.2
313	1.269353	0.000000	0.080559	0.081211	5.3
314	1.268820	0.000000	0.080559	0.082070	5.1
315	1.268258	0.000000	0.080559	0.082886	5.2
316	1.267691	0.000000	0.080559	0.081224	5.1
317	1.267175	0.000000	0.080559	0.080427	5.3
318	1.266639	0.000000	0.080559	0.080265	5.1
319	1.266093	0.000000	0.080559	0.078704	5.0
320	1.265621	0.000000	0.080559	0.077021	5.2
321	1.264928	0.000000	0.080559	0.077610	5.2
322	1.264454	0.000000	0.080559	0.077255	5.2
323	1.264008	0.000000	0.080559	0.076125	5.6
324	1.263485	0.000000	0.080559	0.078459	4.7
325	1.263002	0.000000	0.080559	0.079244	5.5
326	1.262517	0.000000	0.080559	0.077842	5.3
327	1.262036	0.000000	0.080559	0.077249	4.8
328	1.261547	0.000000	0.080559	0.076998	5.3
329	1.261064	0.000000	0.080559	0.075572	5.6
330	1.260621	0.000000	0.080559	0.074694	5.3
331	1.260189	0.000000	0.080559	0.074080	5.5
332	1.259760	0.000000	0.080559	0.073021	5.4
333	1.259369	0.000000	0.080559	0.071560	5.3
334	1.258978	0.000000	0.080559	0.070227	5.1
335	1.258570	0.000000	0.080559	0.069509	5.2
336	1.258194	0.000000	0.080559	0.068090	5.4
337	1.257876	0.000000	0.080559	0.066638	5.2
338	1.257475	0.000000	0.080559	0.065641	5.2
339	1.257112	0.000000	0.080559	0.064332	5.3
340	1.256815	0.000000	0.080559	0.063470	4.9
341	1.256494	0.000000	0.080559	0.062709	5.2
342	1.256192	0.000000	0.080559	0.061688	5.5
343	1.255917	0.000000	0.080559	0.061159	5.0
344	1.255644	0.000000	0.080559	0.059739	5.2
345	1.255127	0.000000	0.080559	0.060467	5.7
346	1.254855	0.000000	0.080559	0.059747	4.8
347	1.254606	0.000000	0.080559	0.059600	5.5
348	1.254331	0.000000	0.080559	0.058812	5.0
349	1.254040	0.000000	0.080559	0.057761	4.9
350	1.253785	0.000000	0.080559	0.056514	5.4
351	1.253407	0.000000	0.080559	0.056146	5.0
352	1.253180	0.000000	0.080559	0.056983	5.6
353	1.252947	0.000000	0.080559	0.056061	5.2
354	1.252708	0.000000	0.080559	0.055376	5.0
355	1.252472	0.000000	0.080559	0.054286	5.4
356	1.252257	0.000000	0.080559	0.053832	5.0
357	1.252014	0.000000	0.080559	0.055291	5.2
358	1.251784	0.000000	0.080559	0.054193	5.5
359	1.251565	0.000000	0.080559	0.054128	5.0
360	1.251380	0.000000	0.080559	0.053056	5.1
361	1.251180	0.000000	0.080559	0.051978	5.6
362	1.250974	0.000000	0.080559	0.051376	4.9
363	1.250802	0.000000	0.080559	0.050952	5.5
364	1.250597	0.000000	0.080559	0.057207	5.8
365	1.250341	0.000000	0.080559	0.056139	4.9
366	1.250123	0.000000	0.080559	0.054891	5.7
367	1.249906	0.000000	0.080559	0.053953	5.6
368	1.249673	0.000000	0.080559	0.053012	5.1
369	1.249453	0.000000	0.080559	0.053343	5.1
370	1.249259	0.000000	0.080559	0.052252	5.2
371	1.249044	0.000000	0.080559	0.054777	4.9
372	1.248794	0.000000	0.080559	0.053842	5.6
373	1.248542	0.000000	0.080559	0.058700	4.9
374	1.248329	0.000000	0.080559	0.057349	5.3
375	1.248056	0.000000	0.080559	0.055917	5.2
376	1.247802	0.000000	0.080559	0.059213	5.0
377	1.247531	0.000000	0.080559	0.058079	5.6
378	1.247284	0.000000	0.080559	0.056808	5.2
379	1.247031	0.000000	0.080559	0.054783	5.4
380	1.246802	0.000000	0.080559	0.053255	5.8
381	1.246572	0.000000	0.080559	0.052484	5.6
382	1.246377	0.000000	0.080559	0.051403	5.2
383	1.246181	0.000000	0.080559	0.050391	5.6
384	1.246039	0.000000	0.080559	0.048718	5.2
385	1.245834	0.000000	0.080559	0.051434	5.6
386	1.245613	0.000000	0.080559	0.050893	5.4
387	1.245427	0.000000	0.080559	0.050029	4.7
388	1.245247	0.000000	0.080559	0.049984	5.4
389	1.245040	0.000000	0.080559	0.048992	5.5
390	1.244840	0.000000	0.080559	0.048067	4.8
391	1.244662	0.000000	0.080559	0.047088	5.4
392	1.244418	0.000000	0.080559	0.046406	5.4
393	1.244251	0.000000	0.080559	0.044906	4.9
394	1.244075	0.000000	0.080559	0.045432	5.3
395	1.243913	0.000000	0.080559	0.044472	4.9
396	1.243730	0.000000	0.080559	0.043939	5.3
397	1.243591	0.000000	0.080559	0.043667	5.1
398	1.243303	0.000000	0.080559	0.043308	5.4
399	1.243140	0.000000	0.080559	0.044126	5.4
400	1.242982	0.000000	0.080559	0.043477	4.9
401	1.242822	0.000000	0.080559	0.043169	5.2
402	1.242670	0.000000	0.080559	0.042933	5.3
403	1.242524	0.000000	0.080559	0.042393	5.2
404	1.242391	0.000000	0.080559	0.043661	5.1
405	1.242215	0.000000	0.080559	0.042913	5.7
406	1.242068	0.000000	0.080559	0.043115	4.6
407	1.241930	0.000000	0.080559	0.043130	5.6
408	1.241806	0.000000	0.080559	0.043066	4.9
409	1.241649	0.000000	0.080559	0.045467	4.9
410	1.241466	0.000000	0.080559	0.045527	5.4
411	1.241296	0.000000	0.080559	0.044508	5.2
412	1.241174	0.000000	0.080559	0.045662	5.5
413	1.240998	0.000000	0.080559	0.049834	5.0
414	1.240823	0.000000	0.080559	0.048398	4.9
415	1.240652	0.000000	0.080559	0.049431	5.5
416	1.240433	0.000000	0.080559	0.050080	4.8
417	1.240095	0.000000	0.080559	0.049817	5.1
418	1.239991	0.000000	0.080559	0.063418	5.5
419	1.239729	0.000000	0.080559	0.062937	5.0
420	1.239437	0.000000	0.080559	0.066414	5.2
421	1.239102	0.000000	0.080559	0.083202	5.4
422	1.238568	0.000000	0.080559	0.080361	4.8
423	1.238109	0.000000	0.080559	0.081297	5.4
424	1.237633	0.000000	0.080559	0.079809	5.8
425	1.237163	0.000000	0.080559	0.081195	4.9
426	1.236713	0.000000	0.080559	0.087863	5.3
427	1.236227	0.000000	0.080559	0.091074	4.6
428	1.235652	0.000000	0.080559	0.091841	5.7
429	1.234993	0.000000	0.080559	0.090335	4.9
430	1.234440	0.000000	0.080559	0.090240	5.0
431	1.233843	0.000000	0.080559	0.093857	5.4
432	1.233188	0.000000	0.080559	0.091870	4.8
433	1.232540	0.000000	0.080559	0.099792	5.2
434	1.231813	0.000000	0.080559	0.099262	5.2
435	1.231089	0.000000	0.080559	0.097286	4.8
436	1.230429	0.000000	0.080559	0.094195	5.3
437	1.229792	0.000000	0.080559	0.092385	5.3
438	1.229159	0.000000	0.080559	0.091373	5.1
439	1.228622	0.000000	0.080559	0.088341	5.6
440	1.228086	0.000000	0.080559	0.087277	5.0
441	1.227540	0.000000	0.080559	0.084947	5.4
442	1.227047	0.000000	0.080559	0.085026	6.2
443	1.226563	0.000000	0.080559	0.082390	6.7
444	1.226050	0.000000	0.080559	0.091761	5.2
445	1.225437	0.000000	0.080559	0.088952	5.3
446	1.224873	0.000000	0.080559	0.090264	4.9
447	1.224314	0.000000	0.080559	0.088066	5.5
448	1.223801	0.000000	0.080559	0.086704	5.3
449	1.223282	0.000000	0.080559	0.085177	5.8
450	1.222781	0.000000	0.080559	0.086372	5.9
451	1.222248	0.000000	0.080559	0.087874	6.1
452	1.221671	0.000000	0.080559	0.087686	5.7
453	1.221096	0.000000	0.080559	0.089441	5.1
454	1.220571	0.000000	0.080559	0.091555	5.4
455	1.220039	0.000000	0.080559	0.092662	5.3
456	1.219417	0.000000	0.080559	0.090674	5.2
457	1.218808	0.000000	0.080559	0.088618	5.3
458	1.218218	0.000000	0.080559	0.087645	5.1
459	1.217639	0.000000	0.080559	0.094019	5.3
460	1.217183	0.000000	0.080559	0.093374	5.0
461	1.216639	0.000000	0.080559	0.093607	5.1
462	1.216006	0.000000	0.080559	0.093901	5.3
463	1.215419	0.000000	0.080559	0.092857	4.9
464	1.214918	0.000000	0.080559	0.090305	5.1
465	1.214322	0.000000	0.080559	0.097387	5.4
466	1.213603	0.000000	0.080559	0.097940	4.9
467	1.212962	0.000000	0.080559	0.098839	5.4
468	1.212264	0.000000	0.080559	0.100888	9.9
469	1.211603	0.000000	0.080559	0.104870	5.5
470	1.210863	0.000000	0.080559	0.103753	6.9
471	1.210107	0.000000	0.080559	0.103265	5.3
472	1.209361	0.000000	0.080559	0.101969	6.0
473	1.208685	0.000000	0.080559	0.101555	6.2
474	1.207848	0.000000	0.080559	0.099643	5.5
475	1.207120	0.000000	0.080559	0.101648	6.2
476	1.206372	0.000000	0.080559	0.110603	6.2
477	1.205782	0.000000	0.080559	0.111595	6.1
478	1.204803	0.000000	0.080559	0.111326	5.7
479	1.203872	0.000000	0.080559	0.111027	6.2
480	1.203102	0.000000	0.080559	0.109903	5.9
481	1.202293	0.000000	0.080559	0.108922	6.1
482	1.201592	0.000000	0.080559	0.108171	6.2
483	1.200784	0.000000	0.080559	0.108005	6.1
484	1.199792	0.000000	0.080559	0.109691	6.0
485	1.199167	0.000000	0.080559	0.107731	5.3
486	1.198263	0.000000	0.080559	0.112245	6.1
487	1.197414	0.000000	0.080559	0.110497	6.8
488	1.196663	0.000000	0.080559	0.109429	6.8
489	1.195861	0.000000	0.080559	0.108619	7.2
490	1.195093	0.000000	0.080559	0.112479	6.2
491	1.194109	0.000000	0.080559	0.113563	6.8
492	1.193257	0.000000	0.080559	0.114406	6.4
493	1.192543	0.000000	0.080559	0.116436	4.6
494	1.190632	0.000000	0.080559	0.117717	5.4
495	1.189670	0.000000	0.080559	0.122932	5.6
496	1.188462	0.000000	0.080559	0.122966	4.9
497	1.186265	0.000000	0.080559	0.122449	5.3
498	1.185292	0.000000	0.080559	0.119619	5.4
499	1.184355	0.000000	0.080559	0.117245	5.0
500	1.183121	0.000000	0.080559	0.118898	5.2
501	1.182102	0.000000	0.080559	0.116385	5.5
502	1.181236	0.000000	0.080559	0.115455	4.8
503	1.180327	0.000000	0.080559	0.115837	5.4
504	1.179423	0.000000	0.080559	0.118673	4.8
505	1.178541	0.000000	0.080559	0.116589	5.6
506	1.177616	0.000000	0.080559	0.116288	5.2
507	1.176783	0.000000	0.080559	0.112204	4.8
508	1.175957	0.000000	0.080559	0.113164	5.4
509	1.174910	0.000000	0.080559	0.110393	5.2
510	1.174006	0.000000	0.080559	0.115418	5.0
511	1.173059	0.000000	0.080559	0.115163	5.3
