1:ItNr	2:Metric	3a:Time	3b:StepSize	4:||Gradient||	Time[ms]
0	5.098257	0.000000	1.002768	0.429091	181.1
1	4.997191	0.000000	1.002768	0.333977	40.8
2	4.990750	1.000000	0.957188	0.392565	42.0
3	4.961927	2.000000	0.915571	0.368649	39.5
4	4.904257	1.990000	0.915969	0.254043	40.7
5	4.865002	2.990000	0.877788	0.291054	40.3
6	4.863822	2.980000	0.878154	0.273371	40.2
7	4.840645	2.970000	0.878521	0.324075	40.8
8	4.828183	3.970000	0.843338	0.303290	43.6
9	4.789905	4.970000	0.810864	0.338900	39.8
10	4.754263	5.970000	0.780799	0.233601	39.8
11	4.737279	6.970000	0.752883	0.129302	39.6
12	4.730417	7.970000	0.726895	0.168461	40.6
13	4.709402	7.960000	0.727146	0.202731	40.8
14	4.686376	7.950000	0.727397	0.137974	40.8
15	4.674100	7.940000	0.727648	0.202351	39.9
16	4.660279	7.930000	0.727900	0.191090	41.6
17	4.634776	7.920000	0.728151	0.154861	40.0
18	4.633673	7.910000	0.728403	0.103732	40.2
19	4.631606	7.900000	0.728655	0.120608	41.0
20	4.628455	8.900000	0.704286	0.082994	40.1
21	4.623772	9.900000	0.681493	0.080963	40.2
22	4.618073	9.890000	0.681714	0.127510	38.9
23	4.607665	9.880000	0.681935	0.217783	40.7
24	4.577571	9.870000	0.682155	0.350348	45.3
25	4.543588	9.860000	0.682376	0.325406	40.7
26	4.534990	10.860000	0.660958	0.394044	40.8
27	4.542672	11.860000	0.640844	0.467209	40.1
28	4.546640	12.860000	0.621918	0.447592	41.0
29	4.530408	13.860000	0.604077	0.415171	43.6
30	4.530076	14.860000	0.587232	0.462904	39.8
31	4.539060	15.860000	0.571301	0.471111	40.4
32	4.529697	16.860000	0.556211	0.429408	40.3
33	4.528109	17.860000	0.541898	0.379443	39.6
34	4.519376	18.860000	0.528302	0.322019	40.4
35	4.514690	19.860000	0.515373	0.262126	40.0
36	4.508584	20.860000	0.503061	0.214026	42.0
37	4.507858	21.860000	0.491324	0.176082	38.9
38	4.504289	22.860000	0.480122	0.157485	40.7
39	4.505340	23.860000	0.469419	0.135597	40.7
40	4.502212	24.860000	0.459183	0.109609	40.2
41	4.502994	25.860000	0.449384	0.091881	41.3
42	4.500702	26.860000	0.439995	0.077122	39.6
43	4.502047	27.860000	0.430989	0.058260	41.5
44	4.500459	28.860000	0.422345	0.048637	42.7
45	4.501983	29.860000	0.414041	0.039651	44.3
46	4.500545	30.860000	0.406057	0.033167	41.6
47	4.501566	31.860000	0.398376	0.033161	39.5
48	4.500711	32.860000	0.390979	0.033414	38.7
49	4.501542	33.860000	0.383852	0.033661	40.3
50	4.500688	34.860000	0.376981	0.033510	40.7
51	4.501546	35.860000	0.370351	0.032970	42.3
52	4.500654	36.860000	0.363950	0.028050	39.4
53	4.501141	37.860000	0.357767	0.024991	39.5
54	4.500982	38.860000	0.351790	0.021359	41.3
55	4.501052	39.860000	0.346009	0.017877	40.2
56	4.501153	40.860000	0.340416	0.015573	45.7
57	4.501036	41.860000	0.335001	0.013542	39.8
58	4.501209	42.860000	0.329755	0.011145	41.1
59	4.501118	43.860000	0.324671	0.009071	41.0
60	4.501189	44.860000	0.319741	0.007269	39.9
61	4.501119	45.860000	0.314959	0.005404	42.2
62	4.501145	46.860000	0.310317	0.004148	43.1
63	4.501125	47.860000	0.305811	0.002814	39.8
64	4.501134	48.860000	0.301433	0.002419	40.1
65	4.501148	49.860000	0.297179	0.002258	42.0
66	4.501134	50.860000	0.293044	0.002163	40.0
67	4.501148	51.860000	0.289022	0.002052	40.0
68	4.501134	52.860000	0.285109	0.001913	39.9
69	4.501143	53.860000	0.281300	0.001748	40.3
70	4.501139	54.860000	0.277592	0.001598	41.1
71	4.501143	55.860000	0.273980	0.001373	44.5
72	4.501138	56.860000	0.270462	0.001141	40.6
73	4.501138	57.860000	0.267032	0.000914	41.2
74	4.501134	58.860000	0.263688	0.000715	39.3
75	4.501138	59.860000	0.260427	0.000545	40.4
76	4.501134	60.860000	0.257246	0.000403	43.5
77	4.501134	61.860000	0.254141	0.000284	44.1
78	4.501134	62.860000	0.251111	0.000195	48.4
79	4.501134	63.860000	0.248152	0.000133	43.1
80	4.501134	64.860000	0.245261	0.000087	41.5
81	4.501134	65.860000	0.242438	0.000055	40.6
82	4.501134	66.860000	0.239678	0.000037	41.7
83	4.501134	67.860000	0.236981	0.000025	40.8
84	4.501134	68.860000	0.234344	0.000016	41.8
85	4.501134	69.860000	0.231765	0.000010	40.9
86	4.501134	70.860000	0.229242	0.000006	39.5
87	4.501134	71.860000	0.226773	0.000004	40.9
88	4.501134	72.860000	0.224357	0.000002	41.5
89	4.501134	73.860000	0.221992	0.000001	41.6
90	4.501134	74.860000	0.219676	0.000001	40.5
91	4.501134	75.860000	0.217408	0.000000	41.0
92	4.501134	76.860000	0.215186	0.000000	41.0
93	4.501134	77.573005	0.213630	0.000000	41.5
94	4.501134	77.601572	0.213568	0.000000	40.4
95	4.501134	77.605375	0.213560	0.000000	40.9
96	4.501134	77.606149	0.213558	0.000000	41.0
97	4.501134	77.606323	0.213558	0.000000	42.3
98	4.501134	77.606362	0.213558	0.000000	40.9
99	4.501134	77.606372	0.213558	0.000000	41.4
100	4.501134	77.606374	0.213558	0.000000	42.0
101	4.501134	77.606374	0.213558	0.000000	45.7
102	4.501134	77.606374	0.213558	0.000000	42.8
103	4.501134	77.606374	0.213558	0.000000	43.4
104	4.501134	77.606374	0.213558	0.000000	44.2
105	4.501134	77.606374	0.213558	0.000000	44.0
106	4.501134	77.606374	0.213558	0.000000	42.2
107	4.501134	77.606374	0.213558	0.000000	44.1
108	4.501134	77.606374	0.213558	0.000000	45.5
109	4.501134	77.606374	0.213558	0.000000	44.3
110	4.501134	77.606374	0.213558	0.000000	43.5
111	4.501134	77.606374	0.213558	0.000000	51.6
112	4.501134	77.606374	0.213558	0.000000	48.3
113	4.501134	77.606374	0.213558	0.000000	48.8
114	4.501134	77.606374	0.213558	0.000000	51.8
115	4.501134	77.606374	0.213558	0.000000	45.1
116	4.501134	77.606374	0.213558	0.000000	43.3
117	4.501134	77.606374	0.213558	0.000000	43.8
118	4.501134	77.606374	0.213558	0.000000	43.4
119	4.501134	77.606374	0.213558	0.000000	45.4
120	4.501134	77.606374	0.213558	0.000000	44.7
121	4.501134	77.606374	0.213558	0.000000	42.2
122	4.501134	77.606374	0.213558	0.000000	45.0
123	4.501134	77.606374	0.213558	0.000000	45.1
124	4.501134	77.606374	0.213558	0.000000	42.2
125	4.501134	77.606374	0.213558	0.000000	49.6
126	4.501134	77.606374	0.213558	0.000000	49.9
127	4.501134	77.606374	0.213558	0.000000	47.4
128	4.501134	77.606374	0.213558	0.000000	41.8
129	4.501134	77.606374	0.213558	0.000000	41.4
130	4.501134	77.606374	0.213558	0.000000	40.7
131	4.501134	77.606374	0.213558	0.000000	41.5
132	4.501134	77.606374	0.213558	0.000000	41.6
133	4.501134	77.606374	0.213558	0.000000	40.9
134	4.501134	77.606374	0.213558	0.000000	41.6
135	4.501134	77.606374	0.213558	0.000000	44.8
136	4.501134	77.606374	0.213558	0.000000	46.1
137	4.501134	77.606374	0.213558	0.000000	42.3
138	4.501134	77.606374	0.213558	0.000000	42.9
139	4.501134	77.606374	0.213558	0.000000	42.6
140	4.501134	77.606374	0.213558	0.000000	41.0
141	4.501134	77.606374	0.213558	0.000000	42.8
142	4.501134	77.606374	0.213558	0.000000	43.5
143	4.501134	77.606374	0.213558	0.000000	43.6
144	4.501134	77.606374	0.213558	0.000000	42.1
145	4.501134	77.606374	0.213558	0.000000	42.5
146	4.501134	77.606374	0.213558	0.000000	41.8
147	4.501134	77.606374	0.213558	0.000000	43.2
148	4.501134	77.606374	0.213558	0.000000	42.3
149	4.501134	77.606374	0.213558	0.000000	42.3
150	4.501134	77.606374	0.213558	0.000000	43.3
151	4.501134	77.606374	0.213558	0.000000	41.8
152	4.501134	77.606374	0.213558	0.000000	42.8
153	4.501134	77.606374	0.213558	0.000000	41.4
154	4.501134	77.606374	0.213558	0.000000	44.0
155	4.501134	77.606374	0.213558	0.000000	41.8
156	4.501134	77.606374	0.213558	0.000000	43.1
157	4.501134	77.606374	0.213558	0.000000	44.1
158	4.501134	77.606374	0.213558	0.000000	41.4
159	4.501134	77.606374	0.213558	0.000000	40.6
160	4.501134	77.606374	0.213558	0.000000	41.9
161	4.501134	77.606374	0.213558	0.000000	40.9
162	4.501134	77.606374	0.213558	0.000000	43.2
163	4.501134	77.606374	0.213558	0.000000	42.0
164	4.501134	77.606374	0.213558	0.000000	42.0
165	4.501134	77.606374	0.213558	0.000000	43.1
166	4.501134	77.606374	0.213558	0.000000	42.8
167	4.501134	77.606374	0.213558	0.000000	47.8
168	4.501134	77.606374	0.213558	0.000000	42.1
169	4.501134	77.606374	0.213558	0.000000	43.6
170	4.501134	77.606374	0.213558	0.000000	41.7
171	4.501134	77.606374	0.213558	0.000000	42.0
172	4.501134	77.606374	0.213558	0.000000	41.9
173	4.501134	77.606374	0.213558	0.000000	42.3
174	4.501134	77.606374	0.213558	0.000000	41.5
175	4.501134	77.606374	0.213558	0.000000	41.4
176	4.501134	77.606374	0.213558	0.000000	42.1
177	4.501134	77.606374	0.213558	0.000000	41.2
178	4.501134	77.606374	0.213558	0.000000	42.8
179	4.501134	77.606374	0.213558	0.000000	42.2
180	4.501134	77.606374	0.213558	0.000000	43.2
181	4.501134	77.606374	0.213558	0.000000	42.5
182	4.501134	77.606374	0.213558	0.000000	42.5
183	4.501134	77.606374	0.213558	0.000000	42.3
184	4.501134	77.606374	0.213558	0.000000	42.0
185	4.501134	77.606374	0.213558	0.000000	42.4
186	4.501134	77.606374	0.213558	0.000000	41.9
187	4.501134	77.606374	0.213558	0.000000	41.3
188	4.501134	77.606374	0.213558	0.000000	42.6
189	4.501134	77.606374	0.213558	0.000000	43.6
190	4.501134	77.606374	0.213558	0.000000	41.9
191	4.501134	77.606374	0.213558	0.000000	41.1
192	4.501134	77.606374	0.213558	0.000000	42.7
193	4.501134	77.606374	0.213558	0.000000	42.4
194	4.501134	77.606374	0.213558	0.000000	41.9
195	4.501134	77.606374	0.213558	0.000000	41.9
196	4.501134	77.606374	0.213558	0.000000	49.5
197	4.501134	77.606374	0.213558	0.000000	44.7
198	4.501134	77.606374	0.213558	0.000000	41.6
199	4.501134	77.606374	0.213558	0.000000	42.3
200	4.501134	77.606374	0.213558	0.000000	43.1
201	4.501134	77.606374	0.213558	0.000000	41.7
202	4.501134	77.606374	0.213558	0.000000	42.1
203	4.501134	77.606374	0.213558	0.000000	45.4
204	4.501134	77.606374	0.213558	0.000000	50.7
205	4.501134	77.606374	0.213558	0.000000	52.8
206	4.501134	77.606374	0.213558	0.000000	44.8
207	4.501134	77.606374	0.213558	0.000000	42.0
208	4.501134	77.606374	0.213558	0.000000	41.5
209	4.501134	77.606374	0.213558	0.000000	44.0
210	4.501134	77.606374	0.213558	0.000000	42.3
211	4.501134	77.606374	0.213558	0.000000	42.3
212	4.501134	77.606374	0.213558	0.000000	43.4
213	4.501134	77.606374	0.213558	0.000000	45.1
214	4.501134	77.606374	0.213558	0.000000	43.1
215	4.501134	77.606374	0.213558	0.000000	44.0
216	4.501134	77.606374	0.213558	0.000000	42.8
217	4.501134	77.606374	0.213558	0.000000	41.8
218	4.501134	77.606374	0.213558	0.000000	42.0
219	4.501134	77.606374	0.213558	0.000000	42.7
220	4.501134	77.606374	0.213558	0.000000	46.7
221	4.501134	77.606374	0.213558	0.000000	43.1
222	4.501134	77.606374	0.213558	0.000000	44.3
223	4.501134	77.606374	0.213558	0.000000	41.8
224	4.501134	77.606374	0.213558	0.000000	43.4
225	4.501134	77.606374	0.213558	0.000000	43.0
226	4.501134	77.606374	0.213558	0.000000	41.7
227	4.501134	77.606374	0.213558	0.000000	43.8
228	4.501134	77.606374	0.213558	0.000000	42.8
229	4.501134	77.606374	0.213558	0.000000	42.9
230	4.501134	77.606374	0.213558	0.000000	48.9
231	4.501134	77.606374	0.213558	0.000000	47.5
232	4.501134	77.606374	0.213558	0.000000	44.7
233	4.501134	77.606374	0.213558	0.000000	42.7
234	4.501134	77.606374	0.213558	0.000000	45.2
235	4.501134	77.606374	0.213558	0.000000	42.6
236	4.501134	77.606374	0.213558	0.000000	42.5
237	4.501134	77.606374	0.213558	0.000000	43.3
238	4.501134	77.606374	0.213558	0.000000	43.9
239	4.501134	77.606374	0.213558	0.000000	43.4
240	4.501134	77.606374	0.213558	0.000000	42.6
241	4.501134	77.606374	0.213558	0.000000	44.6
242	4.501134	77.606374	0.213558	0.000000	42.5
243	4.501134	77.606374	0.213558	0.000000	49.2
244	4.501134	77.606374	0.213558	0.000000	44.5
245	4.501134	77.606374	0.213558	0.000000	42.8
246	4.501134	77.606374	0.213558	0.000000	43.3
247	4.501134	77.606374	0.213558	0.000000	41.8
248	4.501134	77.606374	0.213558	0.000000	42.1
249	4.501134	77.606374	0.213558	0.000000	41.7
250	4.501134	77.606374	0.213558	0.000000	43.1
251	4.501134	77.606374	0.213558	0.000000	41.0
252	4.501134	77.606374	0.213558	0.000000	42.8
253	4.501134	77.606374	0.213558	0.000000	42.4
254	4.501134	77.606374	0.213558	0.000000	43.0
255	4.501134	77.606374	0.213558	0.000000	43.0
256	4.501134	77.606374	0.213558	0.000000	43.1
257	4.501134	77.606374	0.213558	0.000000	42.9
258	4.501134	77.606374	0.213558	0.000000	43.6
259	4.501134	77.606374	0.213558	0.000000	42.7
260	4.501134	77.606374	0.213558	0.000000	47.3
261	4.501134	77.606374	0.213558	0.000000	44.6
262	4.501134	77.606374	0.213558	0.000000	45.6
263	4.501134	77.606374	0.213558	0.000000	42.8
264	4.501134	77.606374	0.213558	0.000000	44.9
265	4.501134	77.606374	0.213558	0.000000	41.2
266	4.501134	77.606374	0.213558	0.000000	42.3
267	4.501134	77.606374	0.213558	0.000000	42.3
268	4.501134	77.606374	0.213558	0.000000	44.0
269	4.501134	77.606374	0.213558	0.000000	41.9
270	4.501134	77.606374	0.213558	0.000000	45.8
271	4.501134	77.606374	0.213558	0.000000	40.5
272	4.501134	77.606374	0.213558	0.000000	42.5
273	4.501134	77.606374	0.213558	0.000000	43.1
274	4.501134	77.606374	0.213558	0.000000	44.3
275	4.501134	77.606374	0.213558	0.000000	40.6
276	4.501134	77.606374	0.213558	0.000000	42.2
277	4.501134	77.606374	0.213558	0.000000	42.4
278	4.501134	77.606374	0.213558	0.000000	42.5
279	4.501134	77.606374	0.213558	0.000000	42.9
280	4.501134	77.606374	0.213558	0.000000	41.8
281	4.501134	77.606374	0.213558	0.000000	42.1
282	4.501134	77.606374	0.213558	0.000000	41.3
283	4.501134	77.606374	0.213558	0.000000	43.5
284	4.501134	77.606374	0.213558	0.000000	42.9
285	4.501134	77.606374	0.213558	0.000000	43.5
286	4.501134	77.606374	0.213558	0.000000	43.5
287	4.501134	77.606374	0.213558	0.000000	42.8
288	4.501134	77.606374	0.213558	0.000000	42.8
289	4.501134	77.606374	0.213558	0.000000	42.2
290	4.501134	77.606374	0.213558	0.000000	42.6
291	4.501134	77.606374	0.213558	0.000000	42.3
292	4.501134	77.606374	0.213558	0.000000	42.0
293	4.501134	77.606374	0.213558	0.000000	44.0
294	4.501134	77.606374	0.213558	0.000000	42.7
295	4.501134	77.606374	0.213558	0.000000	43.2
296	4.501134	77.606374	0.213558	0.000000	42.7
297	4.501134	77.606374	0.213558	0.000000	46.4
298	4.501134	77.606374	0.213558	0.000000	43.1
299	4.501134	77.606374	0.213558	0.000000	46.9
300	4.501134	77.606374	0.213558	0.000000	44.0
301	4.501134	77.606374	0.213558	0.000000	42.8
302	4.501134	77.606374	0.213558	0.000000	41.5
303	4.501134	77.606374	0.213558	0.000000	42.1
304	4.501134	77.606374	0.213558	0.000000	44.5
305	4.501134	77.606374	0.213558	0.000000	41.2
306	4.501134	77.606374	0.213558	0.000000	43.9
307	4.501134	77.606374	0.213558	0.000000	42.9
308	4.501134	77.606374	0.213558	0.000000	43.7
309	4.501134	77.606374	0.213558	0.000000	44.0
310	4.501134	77.606374	0.213558	0.000000	44.5
311	4.501134	77.606374	0.213558	0.000000	43.9
312	4.501134	77.606374	0.213558	0.000000	95.4
313	4.501134	77.606374	0.213558	0.000000	43.5
314	4.501134	77.606374	0.213558	0.000000	44.9
315	4.501134	77.606374	0.213558	0.000000	44.3
316	4.501134	77.606374	0.213558	0.000000	42.1
317	4.501134	77.606374	0.213558	0.000000	42.4
318	4.501134	77.606374	0.213558	0.000000	43.2
319	4.501134	77.606374	0.213558	0.000000	43.1
320	4.501134	77.606374	0.213558	0.000000	43.0
321	4.501134	77.606374	0.213558	0.000000	42.4
322	4.501134	77.606374	0.213558	0.000000	43.5
323	4.501134	77.606374	0.213558	0.000000	41.2
324	4.501134	77.606374	0.213558	0.000000	42.0
325	4.501134	77.606374	0.213558	0.000000	41.0
326	4.501134	77.606374	0.213558	0.000000	42.9
327	4.501134	77.606374	0.213558	0.000000	42.6
328	4.501134	77.606374	0.213558	0.000000	41.8
329	4.501134	77.606374	0.213558	0.000000	42.8
330	4.501134	77.606374	0.213558	0.000000	47.7
331	4.501134	77.606374	0.213558	0.000000	44.4
332	4.501134	77.606374	0.213558	0.000000	43.1
333	4.501134	77.606374	0.213558	0.000000	44.1
334	4.501134	77.606374	0.213558	0.000000	42.2
335	4.501134	77.606374	0.213558	0.000000	44.7
336	4.501134	77.606374	0.213558	0.000000	44.6
337	4.501134	77.606374	0.213558	0.000000	43.8
338	4.501134	77.606374	0.213558	0.000000	42.7
339	4.501134	77.606374	0.213558	0.000000	44.4
340	4.501134	77.606374	0.213558	0.000000	43.0
341	4.501134	77.606374	0.213558	0.000000	43.4
342	4.501134	77.606374	0.213558	0.000000	42.7
343	4.501134	77.606374	0.213558	0.000000	42.5
344	4.501134	77.606374	0.213558	0.000000	50.1
345	4.501134	77.606374	0.213558	0.000000	53.6
346	4.501134	77.606374	0.213558	0.000000	46.0
347	4.501134	77.606374	0.213558	0.000000	45.7
348	4.501134	77.606374	0.213558	0.000000	44.7
349	4.501134	77.606374	0.213558	0.000000	44.5
350	4.501134	77.606374	0.213558	0.000000	44.9
351	4.501134	77.606374	0.213558	0.000000	43.3
352	4.501134	77.606374	0.213558	0.000000	42.0
353	4.501134	77.606374	0.213558	0.000000	42.9
354	4.501134	77.606374	0.213558	0.000000	43.4
355	4.501134	77.606374	0.213558	0.000000	43.4
356	4.501134	77.606374	0.213558	0.000000	43.7
357	4.501134	77.606374	0.213558	0.000000	51.2
358	4.501134	77.606374	0.213558	0.000000	47.2
359	4.501134	77.606374	0.213558	0.000000	46.8
360	4.501134	77.606374	0.213558	0.000000	47.2
361	4.501134	77.606374	0.213558	0.000000	46.5
362	4.501134	77.606374	0.213558	0.000000	50.1
363	4.501134	77.606374	0.213558	0.000000	46.5
364	4.501134	77.606374	0.213558	0.000000	46.3
365	4.501134	77.606374	0.213558	0.000000	47.5
366	4.501134	77.606374	0.213558	0.000000	47.5
367	4.501134	77.606374	0.213558	0.000000	46.7
368	4.501134	77.606374	0.213558	0.000000	47.4
369	4.501134	77.606374	0.213558	0.000000	46.5
370	4.501134	77.606374	0.213558	0.000000	46.8
371	4.501134	77.606374	0.213558	0.000000	46.6
372	4.501134	77.606374	0.213558	0.000000	47.0
373	4.501134	77.606374	0.213558	0.000000	45.6
374	4.501134	77.606374	0.213558	0.000000	42.4
375	4.501134	77.606374	0.213558	0.000000	44.7
376	4.501134	77.606374	0.213558	0.000000	42.6
377	4.501134	77.606374	0.213558	0.000000	42.9
378	4.501134	77.606374	0.213558	0.000000	43.7
379	4.501134	77.606374	0.213558	0.000000	43.6
380	4.501134	77.606374	0.213558	0.000000	43.8
381	4.501134	77.606374	0.213558	0.000000	44.1
382	4.501134	77.606374	0.213558	0.000000	43.3
383	4.501134	77.606374	0.213558	0.000000	61.9
384	4.501134	77.606374	0.213558	0.000000	57.5
385	4.501134	77.606374	0.213558	0.000000	90.3
386	4.501134	77.606374	0.213558	0.000000	59.9
387	4.501134	77.606374	0.213558	0.000000	43.2
388	4.501134	77.606374	0.213558	0.000000	43.3
389	4.501134	77.606374	0.213558	0.000000	44.5
390	4.501134	77.606374	0.213558	0.000000	45.7
391	4.501134	77.606374	0.213558	0.000000	41.7
392	4.501134	77.606374	0.213558	0.000000	43.7
393	4.501134	77.606374	0.213558	0.000000	46.4
394	4.501134	77.606374	0.213558	0.000000	42.2
395	4.501134	77.606374	0.213558	0.000000	44.0
396	4.501134	77.606374	0.213558	0.000000	43.4
397	4.501134	77.606374	0.213558	0.000000	43.6
398	4.501134	77.606374	0.213558	0.000000	44.0
399	4.501134	77.606374	0.213558	0.000000	43.5
400	4.501134	77.606374	0.213558	0.000000	42.6
401	4.501134	77.606374	0.213558	0.000000	45.3
402	4.501134	77.606374	0.213558	0.000000	40.6
403	4.501134	77.606374	0.213558	0.000000	44.4
404	4.501134	77.606374	0.213558	0.000000	43.1
405	4.501134	77.606374	0.213558	0.000000	43.0
406	4.501134	77.606374	0.213558	0.000000	45.3
407	4.501134	77.606374	0.213558	0.000000	44.1
408	4.501134	77.606374	0.213558	0.000000	42.1
409	4.501134	77.606374	0.213558	0.000000	43.9
410	4.501134	77.606374	0.213558	0.000000	42.9
411	4.501134	77.606374	0.213558	0.000000	42.7
412	4.501134	77.606374	0.213558	0.000000	43.6
413	4.501134	77.606374	0.213558	0.000000	42.6
414	4.501134	77.606374	0.213558	0.000000	43.5
415	4.501134	77.606374	0.213558	0.000000	41.8
416	4.501134	77.606374	0.213558	0.000000	45.4
417	4.501134	77.606374	0.213558	0.000000	43.5
418	4.501134	77.606374	0.213558	0.000000	43.9
419	4.501134	77.606374	0.213558	0.000000	43.5
420	4.501134	77.606374	0.213558	0.000000	43.5
421	4.501134	77.606374	0.213558	0.000000	43.0
422	4.501134	77.606374	0.213558	0.000000	44.2
423	4.501134	77.606374	0.213558	0.000000	43.6
424	4.501134	77.606374	0.213558	0.000000	43.7
425	4.501134	77.606374	0.213558	0.000000	40.7
426	4.501134	77.606374	0.213558	0.000000	45.0
427	4.501134	77.606374	0.213558	0.000000	42.9
428	4.501134	77.606374	0.213558	0.000000	43.8
429	4.501134	77.606374	0.213558	0.000000	43.2
430	4.501134	77.606374	0.213558	0.000000	41.4
431	4.501134	77.606374	0.213558	0.000000	44.9
432	4.501134	77.606374	0.213558	0.000000	44.3
433	4.501134	77.606374	0.213558	0.000000	43.9
434	4.501134	77.606374	0.213558	0.000000	44.6
435	4.501134	77.606374	0.213558	0.000000	43.4
436	4.501134	77.606374	0.213558	0.000000	41.5
437	4.501134	77.606374	0.213558	0.000000	43.1
438	4.501134	77.606374	0.213558	0.000000	42.0
439	4.501134	77.606374	0.213558	0.000000	43.9
440	4.501134	77.606374	0.213558	0.000000	44.6
441	4.501134	77.606374	0.213558	0.000000	44.5
442	4.501134	77.606374	0.213558	0.000000	44.1
443	4.501134	77.606374	0.213558	0.000000	44.2
444	4.501134	77.606374	0.213558	0.000000	50.7
445	4.501134	77.606374	0.213558	0.000000	48.5
446	4.501134	77.606374	0.213558	0.000000	43.8
447	4.501134	77.606374	0.213558	0.000000	42.3
448	4.501134	77.606374	0.213558	0.000000	45.1
449	4.501134	77.606374	0.213558	0.000000	43.8
450	4.501134	77.606374	0.213558	0.000000	44.3
451	4.501134	77.606374	0.213558	0.000000	43.9
452	4.501134	77.606374	0.213558	0.000000	44.8
453	4.501134	77.606374	0.213558	0.000000	43.0
454	4.501134	77.606374	0.213558	0.000000	44.6
455	4.501134	77.606374	0.213558	0.000000	50.2
456	4.501134	77.606374	0.213558	0.000000	48.6
457	4.501134	77.606374	0.213558	0.000000	44.2
458	4.501134	77.606374	0.213558	0.000000	49.8
459	4.501134	77.606374	0.213558	0.000000	48.5
460	4.501134	77.606374	0.213558	0.000000	45.1
461	4.501134	77.606374	0.213558	0.000000	46.1
462	4.501134	77.606374	0.213558	0.000000	47.0
463	4.501134	77.606374	0.213558	0.000000	43.5
464	4.501134	77.606374	0.213558	0.000000	44.9
465	4.501134	77.606374	0.213558	0.000000	46.0
466	4.501134	77.606374	0.213558	0.000000	45.8
467	4.501134	77.606374	0.213558	0.000000	48.3
468	4.501134	77.606374	0.213558	0.000000	46.4
469	4.501134	77.606374	0.213558	0.000000	44.1
470	4.501134	77.606374	0.213558	0.000000	43.7
471	4.501134	77.606374	0.213558	0.000000	43.5
472	4.501134	77.606374	0.213558	0.000000	45.7
473	4.501134	77.606374	0.213558	0.000000	44.9
474	4.501134	77.606374	0.213558	0.000000	44.5
475	4.501134	77.606374	0.213558	0.000000	44.4
476	4.501134	77.606374	0.213558	0.000000	45.7
477	4.501134	77.606374	0.213558	0.000000	44.4
478	4.501134	77.606374	0.213558	0.000000	45.6
479	4.501134	77.606374	0.213558	0.000000	45.3
480	4.501134	77.606374	0.213558	0.000000	44.4
481	4.501134	77.606374	0.213558	0.000000	44.5
482	4.501134	77.606374	0.213558	0.000000	43.4
483	4.501134	77.606374	0.213558	0.000000	44.2
484	4.501134	77.606374	0.213558	0.000000	43.9
485	4.501134	77.606374	0.213558	0.000000	42.2
486	4.501134	77.606374	0.213558	0.000000	42.8
487	4.501134	77.606374	0.213558	0.000000	45.2
488	4.501134	77.606374	0.213558	0.000000	43.2
489	4.501134	77.606374	0.213558	0.000000	43.4
490	4.501134	77.606374	0.213558	0.000000	45.5
491	4.501134	77.606374	0.213558	0.000000	45.3
492	4.501134	77.606374	0.213558	0.000000	42.6
493	4.501134	77.606374	0.213558	0.000000	45.7
494	4.501134	77.606374	0.213558	0.000000	46.0
495	4.501134	77.606374	0.213558	0.000000	45.1
496	4.501134	77.606374	0.213558	0.000000	43.8
497	4.501134	77.606374	0.213558	0.000000	43.8
498	4.501134	77.606374	0.213558	0.000000	43.0
499	4.501134	77.606374	0.213558	0.000000	44.7
500	4.501134	77.606374	0.213558	0.000000	43.1
501	4.501134	77.606374	0.213558	0.000000	44.6
502	4.501134	77.606374	0.213558	0.000000	45.6
503	4.501134	77.606374	0.213558	0.000000	41.3
504	4.501134	77.606374	0.213558	0.000000	44.0
505	4.501134	77.606374	0.213558	0.000000	46.1
506	4.501134	77.606374	0.213558	0.000000	43.0
507	4.501134	77.606374	0.213558	0.000000	45.5
508	4.501134	77.606374	0.213558	0.000000	46.0
509	4.501134	77.606374	0.213558	0.000000	44.9
510	4.501134	77.606374	0.213558	0.000000	42.3
511	4.501134	77.606374	0.213558	0.000000	43.4
