1:ItNr	2:Metric	3a:Time	3b:StepSize	4:||Gradient||	Time[ms]
0	2.769464	0.000000	0.149779	1.978561	240.2
1	2.235732	0.000000	0.149779	1.879792	49.0
2	1.709489	0.000000	0.149779	1.807993	49.7
3	1.320379	0.000000	0.149779	1.215834	48.6
4	1.242128	0.000000	0.149779	1.111446	48.7
5	1.249682	1.000000	0.142970	1.359095	48.6
6	1.265403	2.000000	0.136754	1.559717	53.2
7	1.273058	3.000000	0.131056	1.722875	49.3
8	1.283877	4.000000	0.125814	1.633114	47.7
9	1.238779	5.000000	0.120975	1.428169	48.4
10	1.234806	6.000000	0.116494	1.271396	49.8
11	1.206911	7.000000	0.112334	1.016874	50.8
12	1.198640	8.000000	0.108460	0.848912	52.1
13	1.187789	9.000000	0.104845	0.695574	48.5
14	1.185082	10.000000	0.101463	0.567186	51.1
15	1.179002	11.000000	0.098292	0.400552	47.8
16	1.177080	12.000000	0.095314	0.303649	50.3
17	1.175725	13.000000	0.092510	0.217587	50.2
18	1.175019	14.000000	0.089867	0.152370	53.8
19	1.174675	15.000000	0.087371	0.093070	58.8
20	1.174466	16.000000	0.085009	0.052851	54.3
21	1.174408	17.000000	0.082772	0.026489	52.7
22	1.174377	18.000000	0.080650	0.015983	51.1
23	1.174368	19.000000	0.078634	0.008081	50.5
24	1.174367	20.000000	0.076716	0.006832	50.3
25	1.174362	19.990000	0.076735	0.012775	49.9
26	1.174365	20.990000	0.074907	0.007752	48.5
27	1.174360	21.990000	0.073165	0.007016	49.3
28	1.174360	21.980000	0.073182	0.012654	49.6
29	1.174361	22.980000	0.071518	0.009331	48.3
30	1.174358	23.980000	0.069928	0.005470	49.5
31	1.174359	23.970000	0.069943	0.020378	50.4
32	1.174365	24.970000	0.068422	0.012107	53.3
33	1.174361	25.970000	0.066965	0.006505	59.1
34	1.174358	25.960000	0.066979	0.005003	59.2
35	1.174358	25.950000	0.066994	0.014518	49.4
36	1.174361	26.950000	0.065596	0.006618	49.5
37	1.174358	27.950000	0.064256	0.005472	48.6
38	1.174357	27.940000	0.064269	0.003894	50.2
39	1.174357	28.940000	0.062983	0.003752	48.4
40	1.174357	29.940000	0.061746	0.004274	51.6
41	1.174357	30.940000	0.060557	0.005773	47.3
42	1.174358	31.940000	0.059413	0.004579	64.4
43	1.174357	32.940000	0.058312	0.001889	86.8
44	1.174357	32.930000	0.058323	0.003071	57.1
45	1.174357	33.930000	0.057261	0.004043	52.0
46	1.174357	34.930000	0.056237	0.003441	48.0
47	1.174357	35.930000	0.055249	0.001643	49.2
48	1.174357	36.930000	0.054296	0.004340	49.1
49	1.174358	37.930000	0.053374	0.013339	47.5
50	1.174360	38.930000	0.052484	0.008337	49.9
51	1.174358	39.930000	0.051622	0.003216	48.1
52	1.174357	39.920000	0.051631	0.003762	49.0
53	1.174357	39.910000	0.051639	0.006474	50.8
54	1.174358	40.910000	0.050805	0.004612	50.1
55	1.174357	41.910000	0.049998	0.001114	48.7
56	1.174357	41.900000	0.050006	0.003306	49.6
57	1.174357	42.900000	0.049223	0.004930	49.9
58	1.174358	43.900000	0.048465	0.012972	47.8
59	1.174359	44.900000	0.047729	0.007634	48.2
60	1.174357	45.900000	0.047016	0.003503	48.4
61	1.174357	45.890000	0.047023	0.002545	47.6
62	1.174357	45.880000	0.047030	0.004960	49.4
63	1.174357	46.880000	0.046337	0.004713	49.6
64	1.174357	47.880000	0.045664	0.004051	51.8
65	1.174357	48.880000	0.045011	0.004588	56.9
66	1.174357	49.880000	0.044376	0.004000	49.5
67	1.174357	50.880000	0.043758	0.002728	50.7
68	1.174357	51.880000	0.043158	0.003153	50.5
69	1.174357	52.880000	0.042574	0.004951	47.5
70	1.174357	53.880000	0.042005	0.011184	52.8
71	1.174358	54.880000	0.041452	0.006861	48.7
72	1.174357	55.880000	0.040912	0.004309	50.5
73	1.174357	55.870000	0.040918	0.003942	49.7
74	1.174357	55.860000	0.040923	0.003830	49.8
75	1.174357	56.860000	0.040397	0.003113	50.9
76	1.174357	57.860000	0.039885	0.004202	48.5
77	1.174357	58.860000	0.039386	0.002733	50.8
78	1.174357	59.860000	0.038899	0.003107	49.9
79	1.174357	60.860000	0.038424	0.004704	86.1
80	1.174357	61.860000	0.037960	0.009465	50.5
81	1.174358	62.860000	0.037507	0.004346	50.1
82	1.174357	63.860000	0.037065	0.003319	53.6
83	1.174357	63.850000	0.037070	0.001272	51.1
84	1.174357	64.850000	0.036638	0.002546	50.7
85	1.174357	65.850000	0.036216	0.001969	49.8
86	1.174357	66.850000	0.035804	0.002914	47.9
87	1.174357	67.850000	0.035401	0.004673	49.3
88	1.174357	68.850000	0.035007	0.007569	51.7
89	1.174357	69.850000	0.034621	0.003817	49.5
90	1.174357	70.850000	0.034244	0.001468	50.7
91	1.174357	70.840000	0.034248	0.002059	50.7
92	1.174357	70.830000	0.034252	0.004496	49.4
93	1.174357	71.830000	0.033883	0.002560	47.7
94	1.174357	72.830000	0.033522	0.002344	49.6
95	1.174357	72.820000	0.033525	0.003969	49.8
96	1.174357	73.820000	0.033172	0.002483	49.0
97	1.174357	74.820000	0.032826	0.000976	49.5
98	1.174357	75.820000	0.032487	0.002076	50.1
99	1.174357	76.820000	0.032154	0.001679	48.9
100	1.174357	77.820000	0.031829	0.002544	50.8
101	1.174357	78.820000	0.031510	0.003980	48.6
102	1.174357	79.820000	0.031198	0.002448	49.0
103	1.174357	80.820000	0.030891	0.001001	50.1
104	1.174357	81.820000	0.030591	0.002079	49.7
105	1.174357	82.820000	0.030296	0.001667	49.4
106	1.174357	83.820000	0.030007	0.002047	49.1
107	1.174357	84.820000	0.029724	0.004193	51.2
108	1.174357	85.820000	0.029445	0.002874	51.2
109	1.174357	86.820000	0.029172	0.002052	48.3
110	1.174357	86.810000	0.029175	0.001629	47.3
111	1.174357	87.810000	0.028907	0.001444	47.3
112	1.174357	87.800000	0.028909	0.002996	84.9
113	1.174357	88.800000	0.028646	0.002940	48.0
114	1.174357	89.800000	0.028388	0.002554	46.9
115	1.174357	90.800000	0.028134	0.002663	50.0
116	1.174357	91.800000	0.027884	0.004490	52.9
117	1.174357	92.800000	0.027639	0.002359	50.6
118	1.174357	93.800000	0.027399	0.002484	50.3
119	1.174357	93.790000	0.027401	0.002636	48.9
120	1.174357	94.790000	0.027164	0.002816	52.1
121	1.174357	95.790000	0.026932	0.004183	48.8
122	1.174357	96.790000	0.026703	0.004244	52.5
123	1.174357	97.790000	0.026478	0.004007	50.1
124	1.174357	98.790000	0.026257	0.004222	50.1
125	1.174357	99.790000	0.026040	0.004261	48.9
126	1.174357	100.790000	0.025826	0.002402	49.2
127	1.174357	101.790000	0.025616	0.001798	49.3
128	1.174357	101.780000	0.025618	0.001594	49.9
129	1.174357	102.780000	0.025411	0.000893	48.6
130	1.174357	102.770000	0.025413	0.001804	53.4
131	1.174357	103.770000	0.025209	0.001316	49.3
132	1.174357	104.770000	0.025009	0.001673	49.8
133	1.174357	105.770000	0.024811	0.002207	47.7
134	1.174357	106.770000	0.024617	0.002066	48.3
135	1.174357	107.770000	0.024426	0.004162	47.5
136	1.174357	108.770000	0.024238	0.003874	49.1
137	1.174357	109.770000	0.024053	0.002421	49.6
138	1.174357	110.770000	0.023870	0.003116	47.9
139	1.174357	111.770000	0.023690	0.004208	49.0
140	1.174357	112.770000	0.023513	0.003725	48.9
141	1.174357	113.770000	0.023339	0.002428	48.8
142	1.174357	114.770000	0.023167	0.002766	86.9
143	1.174357	115.770000	0.022997	0.001653	56.9
144	1.174357	116.770000	0.022830	0.001075	50.0
145	1.174357	116.760000	0.022832	0.001723	50.8
146	1.174357	117.760000	0.022668	0.001568	54.8
147	1.174357	118.760000	0.022505	0.000861	48.9
148	1.174357	118.750000	0.022507	0.001829	50.2
149	1.174357	119.750000	0.022347	0.001279	52.1
150	1.174357	120.750000	0.022189	0.001676	49.6
151	1.174357	121.750000	0.022034	0.002188	49.4
152	1.174357	122.750000	0.021881	0.002045	50.8
153	1.174357	123.750000	0.021730	0.004150	50.1
154	1.174357	124.750000	0.021580	0.003725	48.7
155	1.174357	125.750000	0.021433	0.002387	50.6
156	1.174357	126.750000	0.021288	0.002344	50.8
157	1.174357	127.750000	0.021145	0.001766	51.3
158	1.174357	128.750000	0.021004	0.002385	49.0
159	1.174357	129.750000	0.020865	0.002328	49.9
160	1.174357	130.750000	0.020727	0.001753	50.1
161	1.174357	131.750000	0.020591	0.002860	50.5
162	1.174357	132.750000	0.020458	0.002190	51.6
163	1.174357	133.750000	0.020325	0.001757	55.9
164	1.174357	134.750000	0.020195	0.001696	50.2
165	1.174357	135.750000	0.020066	0.001557	49.2
166	1.174357	136.750000	0.019939	0.001670	49.2
167	1.174357	137.750000	0.019813	0.001546	49.0
168	1.174357	138.750000	0.019689	0.000848	50.5
169	1.174357	138.740000	0.019690	0.001740	49.1
170	1.174357	139.740000	0.019568	0.001986	48.3
171	1.174357	140.740000	0.019447	0.001721	50.6
172	1.174357	141.740000	0.019327	0.001342	49.7
173	1.174357	142.740000	0.019209	0.000883	46.8
174	1.174357	142.730000	0.019211	0.001737	49.1
175	1.174357	143.730000	0.019094	0.001309	49.3
176	1.174357	144.730000	0.018979	0.001690	49.2
177	1.174357	145.730000	0.018865	0.001353	83.7
178	1.174357	146.730000	0.018752	0.000878	50.4
179	1.174357	146.720000	0.018754	0.001723	51.4
180	1.174357	147.720000	0.018642	0.001984	53.5
181	1.174357	148.720000	0.018533	0.001726	50.8
182	1.174357	149.720000	0.018424	0.001363	49.0
183	1.174357	150.720000	0.018317	0.000879	50.7
184	1.174357	150.710000	0.018318	0.001741	48.5
185	1.174357	151.710000	0.018212	0.001306	50.6
186	1.174357	152.710000	0.018107	0.001694	50.0
187	1.174357	153.710000	0.018003	0.001341	49.3
188	1.174357	154.710000	0.017901	0.001654	49.4
189	1.174357	155.710000	0.017799	0.001546	48.9
190	1.174357	156.710000	0.017699	0.001847	48.7
191	1.174357	156.700000	0.017700	0.001737	48.0
192	1.174357	157.700000	0.017601	0.001515	50.2
193	1.174357	158.700000	0.017503	0.001699	48.4
194	1.174357	159.700000	0.017406	0.001517	48.2
195	1.174357	160.700000	0.017311	0.001368	47.8
196	1.174357	160.690000	0.017312	0.002020	49.1
197	1.174357	161.690000	0.017217	0.001476	49.0
198	1.174357	162.690000	0.017123	0.001680	49.1
199	1.174357	163.690000	0.017030	0.001493	49.3
200	1.174357	164.690000	0.016939	0.002246	48.9
201	1.174357	165.690000	0.016848	0.001334	48.4
202	1.174357	166.690000	0.016758	0.000705	48.3
203	1.174357	166.680000	0.016759	0.002006	50.1
204	1.174357	167.680000	0.016670	0.001511	49.0
205	1.174357	168.680000	0.016582	0.000873	50.9
206	1.174357	168.670000	0.016583	0.001751	47.6
207	1.174357	169.670000	0.016496	0.001263	49.6
208	1.174357	170.670000	0.016410	0.001678	50.3
209	1.174357	171.670000	0.016325	0.001498	50.2
210	1.174357	172.670000	0.016241	0.002253	50.1
211	1.174357	173.670000	0.016157	0.001357	83.9
212	1.174357	174.670000	0.016075	0.000899	49.3
213	1.174357	174.660000	0.016076	0.001713	48.3
214	1.174357	175.660000	0.015994	0.001295	49.7
215	1.174357	176.660000	0.015913	0.001689	49.5
216	1.174357	177.660000	0.015833	0.001336	54.5
217	1.174357	178.660000	0.015754	0.000874	51.0
218	1.174357	178.650000	0.015754	0.001717	50.9
219	1.174357	179.650000	0.015676	0.001289	49.9
220	1.174357	180.650000	0.015598	0.001682	49.0
221	1.174357	181.650000	0.015521	0.002004	50.8
222	1.174357	182.650000	0.015445	0.000911	51.5
223	1.174357	182.640000	0.015446	0.001735	49.4
224	1.174357	183.640000	0.015370	0.001294	50.8
225	1.174357	184.640000	0.015295	0.001684	50.3
226	1.174357	185.640000	0.015221	0.001325	52.0
227	1.174357	186.640000	0.015148	0.000884	50.9
228	1.174357	186.630000	0.015149	0.001720	50.9
229	1.174357	187.630000	0.015076	0.001279	49.6
230	1.174357	188.630000	0.015004	0.001677	50.0
231	1.174357	189.630000	0.014933	0.001316	48.2
232	1.174357	190.630000	0.014862	0.002232	49.3
233	1.174357	191.630000	0.014793	0.001364	51.3
234	1.174357	192.630000	0.014723	0.000693	47.9
235	1.174357	192.620000	0.014724	0.001998	50.8
236	1.174357	193.620000	0.014655	0.001500	51.3
237	1.174357	194.620000	0.014587	0.001676	48.4
238	1.174357	195.620000	0.014520	0.001506	48.7
239	1.174357	196.620000	0.014453	0.000855	49.7
240	1.174357	196.610000	0.014454	0.001708	53.0
241	1.174357	197.610000	0.014388	0.001263	57.3
242	1.174357	198.610000	0.014322	0.001677	57.5
243	1.174357	199.610000	0.014258	0.002028	54.2
244	1.174357	200.610000	0.014193	0.000906	48.9
245	1.174357	200.600000	0.014194	0.001729	82.4
246	1.174357	201.600000	0.014130	0.001284	50.1
247	1.174357	202.600000	0.014067	0.001682	50.2
248	1.174357	203.600000	0.014004	0.001318	49.2
249	1.174357	204.600000	0.013942	0.000874	50.2
250	1.174357	204.590000	0.013943	0.001718	47.8
251	1.174357	205.590000	0.013881	0.001275	49.9
252	1.174357	206.590000	0.013820	0.001674	50.7
253	1.174357	207.590000	0.013760	0.001309	51.9
254	1.174357	208.590000	0.013700	0.001734	49.1
255	1.174357	208.580000	0.013700	0.001730	48.7
256	1.174357	209.580000	0.013641	0.001280	50.6
257	1.174357	210.580000	0.013582	0.001687	48.3
258	1.174357	211.580000	0.013524	0.001311	50.2
259	1.174357	212.580000	0.013466	0.000874	49.7
260	1.174357	212.570000	0.013466	0.001720	50.4
261	1.174357	213.570000	0.013409	0.001267	50.1
262	1.174357	214.570000	0.013352	0.001677	54.3
263	1.174357	215.570000	0.013296	0.001303	49.8
264	1.174357	216.570000	0.013240	0.001646	49.6
265	1.174357	217.570000	0.013184	0.002007	47.9
266	1.174357	218.570000	0.013129	0.000700	49.9
267	1.174357	218.560000	0.013130	0.001997	54.0
268	1.174357	219.560000	0.013075	0.001522	55.5
269	1.174357	220.560000	0.013021	0.001667	49.9
270	1.174357	221.560000	0.012967	0.001311	51.3
271	1.174357	222.560000	0.012914	0.000890	49.4
272	1.174357	222.550000	0.012915	0.001701	50.8
273	1.174357	223.550000	0.012862	0.001268	48.9
274	1.174357	224.550000	0.012809	0.001664	51.4
275	1.174357	225.550000	0.012757	0.001309	48.8
276	1.174357	226.550000	0.012706	0.000875	50.6
277	1.174357	226.540000	0.012706	0.002291	51.5
278	1.174357	227.540000	0.012655	0.001286	51.5
279	1.174357	228.540000	0.012605	0.001681	51.5
280	1.174357	229.540000	0.012554	0.001313	48.5
281	1.174357	230.540000	0.012504	0.000884	85.4
282	1.174357	230.530000	0.012505	0.001701	50.4
283	1.174357	231.530000	0.012455	0.001267	50.4
284	1.174357	232.530000	0.012406	0.001669	49.4
285	1.174357	233.530000	0.012357	0.001310	51.5
286	1.174357	234.530000	0.012309	0.000875	48.6
287	1.174357	234.520000	0.012310	0.001696	50.3
288	1.174357	235.520000	0.012262	0.000698	55.7
289	1.174357	236.520000	0.012214	0.001815	49.3
290	1.174357	236.510000	0.012214	0.001680	48.5
291	1.174357	237.510000	0.012167	0.001518	51.5
292	1.174357	238.510000	0.012120	0.001673	51.3
293	1.174357	239.510000	0.012074	0.001309	50.1
294	1.174357	240.510000	0.012028	0.000882	48.7
295	1.174357	240.500000	0.012028	0.001693	50.5
296	1.174357	241.500000	0.011982	0.001275	49.8
297	1.174357	242.500000	0.011937	0.001664	49.6
298	1.174357	243.500000	0.011892	0.001302	49.9
299	1.174357	244.500000	0.011847	0.000878	51.5
300	1.174357	244.490000	0.011847	0.001688	50.9
301	1.174357	245.490000	0.011803	0.001964	49.1
302	1.174357	246.490000	0.011759	0.001681	50.5
303	1.174357	247.490000	0.011715	0.001309	50.1
304	1.174357	248.490000	0.011671	0.000887	50.5
305	1.174357	248.480000	0.011672	0.001697	47.8
306	1.174357	249.480000	0.011629	0.000705	51.1
307	1.174357	250.480000	0.011586	0.001028	49.9
308	1.174357	250.470000	0.011586	0.001660	47.4
309	1.174357	251.470000	0.011544	0.001287	52.8
310	1.174357	252.470000	0.011502	0.000871	50.8
311	1.174357	252.460000	0.011502	0.001696	49.6
312	1.174357	253.460000	0.011460	0.000702	50.0
313	1.174357	254.460000	0.011419	0.001645	48.0
314	1.174357	254.450000	0.011419	0.001671	50.4
315	1.174357	255.450000	0.011378	0.001311	48.5
316	1.174357	256.450000	0.011337	0.000667	49.5
317	1.174357	256.440000	0.011337	0.001994	85.4
318	1.174357	257.440000	0.011296	0.001030	50.8
319	1.174357	258.440000	0.011256	0.000686	48.4
320	1.174357	258.430000	0.011256	0.001980	53.7
321	1.174357	259.430000	0.011216	0.001503	51.9
322	1.174357	260.430000	0.011176	0.001652	51.3
323	1.174357	261.430000	0.011137	0.001290	48.6
324	1.174357	262.430000	0.011097	0.000875	48.4
325	1.174357	262.420000	0.011098	0.002255	51.4
326	1.174357	263.420000	0.011059	0.000738	50.4
327	1.174357	264.420000	0.011020	0.000695	50.2
328	1.174357	264.410000	0.011020	0.001656	51.9
329	1.174357	265.410000	0.010982	0.001310	52.3
330	1.174357	266.410000	0.010944	0.000665	51.8
331	1.174357	266.400000	0.010944	0.001992	51.4
332	1.174357	267.400000	0.010906	0.001499	50.3
333	1.174357	268.400000	0.010869	0.001665	52.2
334	1.174357	269.400000	0.010831	0.001288	54.3
335	1.174357	270.400000	0.010794	0.000876	58.5
336	1.174357	270.390000	0.010794	0.001681	48.1
337	1.174357	271.390000	0.010757	0.001659	50.0
338	1.174357	272.390000	0.010721	0.000695	50.3
339	1.174357	272.380000	0.010721	0.001983	51.4
340	1.174357	273.380000	0.010685	0.001510	48.5
341	1.174357	274.380000	0.010648	0.000864	51.1
342	1.174357	274.370000	0.010649	0.001696	51.2
343	1.174357	275.370000	0.010613	0.000715	49.8
344	1.174357	276.370000	0.010577	0.000884	48.7
345	1.174357	276.360000	0.010578	0.001689	50.5
346	1.174357	277.360000	0.010542	0.001259	51.7
347	1.174357	278.360000	0.010507	0.001658	50.8
348	1.174357	279.360000	0.010472	0.001293	51.6
349	1.174357	280.360000	0.010437	0.001637	48.7
350	1.174357	280.350000	0.010438	0.001991	51.2
351	1.174357	281.350000	0.010403	0.001037	50.8
352	1.174357	282.350000	0.010369	0.000686	49.5
353	1.174357	282.340000	0.010369	0.001658	48.8
354	1.174357	283.340000	0.010335	0.001299	81.8
355	1.174357	284.340000	0.010301	0.000679	49.9
356	1.174357	284.330000	0.010301	0.001983	50.4
357	1.174357	285.330000	0.010268	0.001023	49.4
358	1.174357	286.330000	0.010234	0.000673	55.1
359	1.174357	286.320000	0.010235	0.001649	51.1
360	1.174357	287.320000	0.010202	0.001297	49.1
361	1.174357	288.320000	0.010169	0.000675	51.5
362	1.174357	288.310000	0.010169	0.002483	48.7
363	1.174357	289.310000	0.010136	0.000750	51.5
364	1.174357	290.310000	0.010104	0.000707	49.4
365	1.174357	290.300000	0.010104	0.000891	47.9
366	1.174357	290.290000	0.010104	0.001697	51.7
367	1.174357	291.290000	0.010072	0.000700	54.9
368	1.174357	292.290000	0.010040	0.000664	52.3
369	1.174357	292.280000	0.010040	0.002110	50.0
370	1.174357	293.280000	0.010008	0.001308	49.6
371	1.174357	294.280000	0.009976	0.000911	49.1
372	1.174357	294.270000	0.009977	0.001675	51.1
373	1.174357	295.270000	0.009945	0.000706	49.4
374	1.174357	296.270000	0.009914	0.001641	50.5
375	1.174357	296.260000	0.009914	0.002106	49.2
376	1.174357	297.260000	0.009883	0.001546	50.4
377	1.174357	298.260000	0.009852	0.000897	48.0
378	1.174357	298.250000	0.009852	0.001686	50.8
379	1.174357	299.250000	0.009822	0.000709	49.4
380	1.174357	300.250000	0.009791	0.000674	57.1
381	1.174357	300.240000	0.009791	0.002102	60.2
382	1.174357	301.240000	0.009761	0.001542	51.1
383	1.174357	302.240000	0.009731	0.000668	49.8
384	1.174357	302.230000	0.009731	0.001654	49.3
385	1.174357	303.230000	0.009701	0.001288	51.6
386	1.174357	304.230000	0.009671	0.000652	48.0
387	1.174357	304.220000	0.009671	0.002487	48.9
388	1.174357	305.220000	0.009642	0.000737	51.8
389	1.174357	306.220000	0.009612	0.000698	50.2
390	1.174357	306.210000	0.009613	0.000886	49.2
391	1.174357	306.200000	0.009613	0.001697	82.7
392	1.174357	307.200000	0.009584	0.000694	49.4
393	1.174357	308.200000	0.009555	0.001005	48.9
394	1.174357	308.190000	0.009555	0.001675	50.5
395	1.174357	309.190000	0.009526	0.000720	49.5
396	1.174357	310.190000	0.009497	0.000682	50.2
397	1.174357	310.180000	0.009497	0.000882	50.4
398	1.174357	310.170000	0.009498	0.001685	48.9
399	1.174357	311.170000	0.009469	0.000686	50.2
400	1.174357	312.170000	0.009441	0.001811	51.1
401	1.174357	312.160000	0.009441	0.001675	49.6
402	1.174357	313.160000	0.009413	0.000732	49.9
403	1.174357	314.160000	0.009385	0.000693	50.0
404	1.174357	314.150000	0.009385	0.000890	50.7
405	1.174357	314.140000	0.009385	0.001688	50.9
406	1.174357	315.140000	0.009357	0.000691	48.5
407	1.174357	316.140000	0.009330	0.001023	48.1
408	1.174357	316.130000	0.009330	0.001664	52.4
409	1.174357	317.130000	0.009302	0.000716	50.1
410	1.174357	318.130000	0.009275	0.000681	50.7
411	1.174357	318.120000	0.009275	0.000650	48.7
412	1.174357	318.110000	0.009275	0.001981	50.5
413	1.174357	319.110000	0.009248	0.001662	49.1
414	1.174357	320.110000	0.009221	0.000920	49.7
415	1.174357	320.100000	0.009221	0.001675	48.6
416	1.174357	321.100000	0.009194	0.000720	49.7
417	1.174357	322.100000	0.009167	0.000684	49.0
418	1.174357	322.090000	0.009168	0.000655	48.4
419	1.174357	322.080000	0.009168	0.001988	50.6
420	1.174357	323.080000	0.009141	0.000725	49.5
421	1.174357	324.080000	0.009115	0.000677	56.9
422	1.174357	324.070000	0.009115	0.001644	51.7
423	1.174357	325.070000	0.009089	0.001290	49.3
424	1.174357	326.070000	0.009063	0.000659	50.8
425	1.174357	326.060000	0.009063	0.001973	83.4
426	1.174357	327.060000	0.009037	0.001664	48.4
427	1.174357	328.060000	0.009011	0.000704	49.8
428	1.174357	328.050000	0.009011	0.000892	50.7
429	1.174357	328.040000	0.009011	0.001692	50.1
430	1.174357	329.040000	0.008986	0.000696	48.2
431	1.174357	330.040000	0.008960	0.000664	48.8
432	1.174357	330.030000	0.008960	0.001978	48.6
433	1.174357	331.030000	0.008935	0.000735	49.5
434	1.174357	332.030000	0.008910	0.000686	50.9
435	1.174357	332.020000	0.008910	0.000883	53.1
436	1.174357	332.010000	0.008910	0.001683	57.8
437	1.174357	333.010000	0.008885	0.000685	48.0
438	1.174357	334.010000	0.008860	0.000655	47.5
439	1.174357	334.000000	0.008860	0.002482	50.6
440	1.174357	335.000000	0.008835	0.000734	46.7
441	1.174357	336.000000	0.008811	0.000696	50.9
442	1.174357	335.990000	0.008811	0.000891	49.2
443	1.174357	335.980000	0.008811	0.001686	48.6
444	1.174357	336.980000	0.008786	0.000691	48.4
445	1.174357	337.980000	0.008762	0.001006	48.8
446	1.174357	337.970000	0.008762	0.001670	48.7
447	1.174357	338.970000	0.008738	0.000716	49.8
448	1.174357	339.970000	0.008714	0.000682	49.5
449	1.174357	339.960000	0.008714	0.000885	49.3
450	1.174357	339.950000	0.008714	0.001679	49.7
451	1.174357	340.950000	0.008690	0.000682	50.2
452	1.174357	341.950000	0.008666	0.001809	48.9
453	1.174357	341.940000	0.008666	0.001670	51.8
454	1.174357	342.940000	0.008642	0.000726	50.2
455	1.174357	343.940000	0.008619	0.000691	49.6
456	1.174357	343.930000	0.008619	0.000662	52.0
457	1.174357	343.920000	0.008619	0.001981	54.3
458	1.174357	344.920000	0.008596	0.000711	50.3
459	1.174357	345.920000	0.008572	0.000906	50.3
460	1.174357	345.910000	0.008573	0.001671	48.1
461	1.174357	346.910000	0.008549	0.000708	50.4
462	1.174357	347.910000	0.008526	0.000675	50.2
463	1.174357	347.900000	0.008526	0.000649	51.9
464	1.174357	347.890000	0.008527	0.001981	51.5
465	1.174357	348.890000	0.008503	0.001656	53.5
466	1.174357	349.890000	0.008481	0.000693	86.4
467	1.174357	349.880000	0.008481	0.001651	53.0
468	1.174357	350.880000	0.008458	0.001289	49.6
469	1.174357	351.880000	0.008435	0.000670	53.5
470	1.174357	351.870000	0.008436	0.001975	50.8
471	1.174357	352.870000	0.008413	0.000717	51.5
472	1.174357	353.870000	0.008391	0.000686	48.0
473	1.174357	353.860000	0.008391	0.000898	50.6
474	1.174357	353.850000	0.008391	0.001680	48.7
475	1.174357	354.850000	0.008369	0.000686	49.3
476	1.174357	355.850000	0.008346	0.000657	51.1
477	1.174357	355.840000	0.008347	0.001972	48.9
478	1.174357	356.840000	0.008325	0.001660	49.8
479	1.174357	357.840000	0.008303	0.000701	50.4
480	1.174357	357.830000	0.008303	0.000894	50.8
481	1.174357	357.820000	0.008303	0.001684	51.3
482	1.174357	358.820000	0.008281	0.000692	48.7
483	1.174357	359.820000	0.008259	0.000664	50.4
484	1.174357	359.810000	0.008260	0.001976	50.9
485	1.174357	360.810000	0.008238	0.000714	50.0
486	1.174357	361.810000	0.008216	0.000700	49.2
487	1.174357	361.800000	0.008217	0.000885	48.2
488	1.174357	361.790000	0.008217	0.001677	49.5
489	1.174357	362.790000	0.008195	0.000683	50.1
490	1.174357	363.790000	0.008174	0.000655	50.7
491	1.174357	363.780000	0.008174	0.002479	48.5
492	1.174357	364.780000	0.008153	0.000728	50.7
493	1.174357	365.780000	0.008132	0.000694	50.1
494	1.174357	365.770000	0.008132	0.000892	49.7
495	1.174357	365.760000	0.008133	0.001680	49.9
496	1.174357	366.760000	0.008112	0.000689	49.2
497	1.174357	367.760000	0.008091	0.000661	48.8
498	1.174357	367.750000	0.008091	0.002106	50.9
499	1.174357	368.750000	0.008070	0.001294	51.0
500	1.174357	369.750000	0.008050	0.000900	49.4
501	1.174357	369.740000	0.008050	0.001664	49.5
502	1.174357	370.740000	0.008029	0.000697	48.9
503	1.174357	371.740000	0.008009	0.000666	51.7
504	1.174357	371.730000	0.008009	0.002093	51.0
505	1.174357	372.730000	0.007989	0.001982	49.4
506	1.174357	373.730000	0.007968	0.000917	82.8
507	1.174357	373.720000	0.007969	0.001666	50.9
508	1.174357	374.720000	0.007948	0.000715	49.7
509	1.174357	375.720000	0.007928	0.000684	50.3
510	1.174357	375.710000	0.007929	0.000657	49.6
511	1.174357	375.700000	0.007929	0.001980	50.4
